Id,Solution
1,0
2,1
3,1
4,1
5,1
6,1
7,1
8,0
9,1
10,1
11,0
12,0
13,0
14,1
15,1
16,0
17,1
18,0
19,1
20,0
21,1
22,0
23,1
24,0
25,0
26,0
27,0
28,1
29,0
30,1
31,1
32,0
33,0
34,0
35,1
36,1
37,1
38,1
39,1
40,1
41,0
42,1
43,1
44,1
45,1
46,0
47,1
48,0
49,0
50,1
51,1
52,0
53,0
54,1
55,0
56,1
57,0
58,1
59,0
60,0
61,1
62,0
63,0
64,1
65,0
66,1
67,1
68,0
69,0
70,0
71,0
72,0
73,0
74,0
75,1
76,1
77,0
78,0
79,0
80,0
81,1
82,1
83,1
84,0
85,1
86,0
87,0
88,1
89,1
90,1
91,0
92,0
93,1
94,1
95,1
96,0
97,0
98,1
99,0
100,1
101,1
102,1
103,0
104,0
105,1
106,0
107,0
108,1
109,0
110,1
111,1
112,0
113,0
114,0
115,1
116,1
117,1
118,1
119,1
120,1
121,1
122,0
123,1
124,0
125,1
126,0
127,1
128,1
129,1
130,1
131,1
132,0
133,1
134,0
135,1
136,1
137,0
138,0
139,1
140,0
141,1
142,0
143,0
144,0
145,1
146,1
147,1
148,0
149,0
150,0
151,1
152,1
153,0
154,1
155,1
156,0
157,0
158,0
159,1
160,0
161,0
162,0
163,0
164,0
165,1
166,0
167,0
168,0
169,1
170,0
171,1
172,0
173,1
174,0
175,0
176,0
177,1
178,0
179,0
180,0
181,1
182,1
183,1
184,0
185,0
186,0
187,0
188,0
189,1
190,0
191,0
192,0
193,0
194,0
195,1
196,0
197,0
198,1
199,1
200,1
201,1
202,1
203,1
204,0
205,0
206,0
207,1
208,0
209,0
210,1
211,0
212,1
213,0
214,0
215,1
216,1
217,1
218,0
219,0
220,1
221,1
222,1
223,1
224,1
225,1
226,1
227,0
228,1
229,1
230,1
231,1
232,1
233,1
234,1
235,0
236,1
237,1
238,0
239,1
240,0
241,0
242,0
243,1
244,1
245,1
246,0
247,1
248,0
249,1
250,0
251,0
252,1
253,1
254,0
255,1
256,1
257,1
258,1
259,1
260,0
261,1
262,1
263,1
264,0
265,0
266,0
267,0
268,0
269,1
270,1
271,1
272,1
273,0
274,0
275,0
276,1
277,1
278,1
279,0
280,0
281,0
282,0
283,0
284,0
285,0
286,1
287,0
288,1
289,0
290,0
291,1
292,0
293,1
294,0
295,0
296,1
297,1
298,0
299,0
300,1
301,1
302,0
303,0
304,0
305,1
306,0
307,1
308,1
309,0
310,1
311,1
312,1
313,1
314,0
315,1
316,0
317,0
318,1
319,0
320,1
321,1
322,1
323,0
324,1
325,0
326,1
327,1
328,1
329,0
330,1
331,1
332,0
333,1
334,1
335,1
336,0
337,1
338,1
339,1
340,1
341,1
342,1
343,0
344,0
345,1
346,1
347,0
348,1
349,1
350,1
351,1
352,0
353,1
354,0
355,0
356,1
357,0
358,0
359,0
360,1
361,1
362,1
363,1
364,1
365,1
366,0
367,1
368,1
369,1
370,0
371,1
372,0
373,0
374,0
375,1
376,1
377,1
378,1
379,1
380,1
381,1
382,1
383,1
384,0
385,1
386,0
387,0
388,0
389,0
390,1
391,1
392,0
393,0
394,1
395,1
396,1
397,0
398,0
399,0
400,0
401,1
402,1
403,1
404,1
405,1
406,0
407,0
408,1
409,1
410,0
411,1
412,0
413,1
414,0
415,0
416,0
417,1
418,0
419,1
420,0
421,0
422,1
423,1
424,1
425,1
426,1
427,1
428,0
429,0
430,1
431,1
432,1
433,0
434,1
435,0
436,1
437,0
438,1
439,0
440,1
441,1
442,1
443,0
444,1
445,0
446,1
447,1
448,1
449,0
450,0
451,0
452,1
453,0
454,1
455,0
456,1
457,1
458,0
459,0
460,1
461,0
462,0
463,0
464,0
465,0
466,0
467,0
468,1
469,1
470,0
471,1
472,1
473,0
474,0
475,1
476,1
477,0
478,1
479,0
480,1
481,1
482,0
483,0
484,1
485,1
486,1
487,0
488,0
489,1
490,1
491,1
492,1
493,1
494,0
495,1
496,0
497,1
498,1
499,1
500,0
501,1
502,1
503,1
504,1
505,0
506,0
507,0
508,1
509,0
510,0
511,1
512,1
513,1
514,1
515,0
516,0
517,1
518,1
519,1
520,0
521,1
522,1
523,0
524,0
525,0
526,0
527,1
528,0
529,1
530,0
531,0
532,0
533,0
534,0
535,0
536,0
537,1
538,1
539,1
540,0
541,1
542,0
543,1
544,0
545,1
546,0
547,0
548,1
549,0
550,0
551,1
552,1
553,0
554,0
555,1
556,1
557,0
558,1
559,1
560,1
561,1
562,1
563,0
564,0
565,0
566,1
567,0
568,0
569,1
570,0
571,1
572,0
573,0
574,1
575,1
576,1
577,0
578,1
579,1
580,0
581,1
582,1
583,0
584,1
585,1
586,1
587,0
588,0
589,0
590,1
591,0
592,1
593,0
594,1
595,1
596,1
597,0
598,0
599,1
600,0
601,1
602,1
603,0
604,1
605,0
606,1
607,1
608,1
609,0
610,0
611,1
612,0
613,1
614,1
615,1
616,0
617,0
618,0
619,1
620,0
621,1
622,1
623,1
624,1
625,0
626,1
627,0
628,0
629,1
630,0
631,0
632,1
633,1
634,1
635,0
636,1
637,1
638,0
639,0
640,1
641,1
642,1
643,1
644,1
645,1
646,1
647,1
648,1
649,0
650,0
651,0
652,0
653,0
654,0
655,1
656,0
657,1
658,1
659,1
660,1
661,1
662,0
663,1
664,0
665,0
666,0
667,0
668,0
669,1
670,0
671,1
672,1
673,1
674,1
675,1
676,0
677,0
678,0
679,1
680,1
681,1
682,0
683,1
684,0
685,0
686,0
687,1
688,0
689,0
690,0
691,0
692,0
693,1
694,1
695,0
696,1
697,0
698,1
699,0
700,0
701,1
702,1
703,1
704,1
705,0
706,0
707,1
708,1
709,1
710,1
711,0
712,0
713,0
714,0
715,1
716,1
717,0
718,1
719,1
720,1
721,1
722,1
723,1
724,1
725,0
726,1
727,0
728,1
729,0
730,1
731,1
732,0
733,0
734,1
735,0
736,0
737,0
738,0
739,0
740,1
741,1
742,0
743,0
744,0
745,0
746,0
747,1
748,0
749,0
750,0
751,0
752,1
753,0
754,0
755,0
756,0
757,0
758,1
759,1
760,1
761,0
762,1
763,0
764,1
765,1
766,1
767,1
768,1
769,0
770,1
771,1
772,0
773,0
774,0
775,0
776,1
777,0
778,1
779,1
780,0
781,0
782,1
783,1
784,1
785,0
786,1
787,1
788,1
789,0
790,0
791,1
792,0
793,1
794,1
795,1
796,0
797,0
798,0
799,1
800,0
801,1
802,1
803,0
804,1
805,0
806,0
807,1
808,0
809,0
810,0
811,1
812,1
813,0
814,1
815,0
816,0
817,1
818,0
819,0
820,1
821,0
822,0
823,0
824,0
825,1
826,1
827,0
828,0
829,1
830,0
831,1
832,1
833,0
834,0
835,0
836,1
837,1
838,1
839,0
840,1
841,0
842,0
843,1
844,1
845,1
846,0
847,1
848,0
849,0
850,0
851,0
852,1
853,0
854,1
855,0
856,1
857,1
858,0
859,1
860,0
861,1
862,0
863,1
864,1
865,1
866,0
867,0
868,1
869,1
870,0
871,1
872,0
873,0
874,0
875,1
876,0
877,1
878,0
879,0
880,0
881,0
882,0
883,1
884,0
885,0
886,0
887,0
888,1
889,0
890,0
891,0
892,0
893,1
894,1
895,0
896,0
897,1
898,0
899,1
900,0
901,0
902,1
903,0
904,1
905,0
906,0
907,0
908,1
909,1
910,1
911,0
912,0
913,1
914,1
915,0
916,0
917,1
918,1
919,0
920,1
921,1
922,1
923,1
924,0
925,1
926,0
927,0
928,1
929,1
930,1
931,0
932,0
933,1
934,1
935,1
936,1
937,0
938,0
939,0
940,1
941,0
942,1
943,1
944,0
945,1
946,0
947,0
948,0
949,0
950,1
951,0
952,0
953,1
954,1
955,1
956,1
957,0
958,0
959,0
960,0
961,1
962,1
963,1
964,1
965,1
966,1
967,0
968,0
969,0
970,1
971,0
972,1
973,0
974,1
975,1
976,0
977,1
978,1
979,1
980,0
981,0
982,1
983,0
984,1
985,0
986,0
987,1
988,0
989,0
990,0
991,1
992,1
993,0
994,1
995,1
996,0
997,1
998,0
999,1
1000,1
1001,0
1002,1
1003,1
1004,0
1005,0
1006,0
1007,0
1008,0
1009,0
1010,1
1011,0
1012,1
1013,1
1014,0
1015,0
1016,0
1017,1
1018,1
1019,1
1020,0
1021,0
1022,1
1023,0
1024,0
1025,0
1026,1
1027,0
1028,0
1029,0
1030,1
1031,1
1032,1
1033,1
1034,1
1035,1
1036,0
1037,0
1038,0
1039,0
1040,1
1041,1
1042,1
1043,1
1044,1
1045,1
1046,0
1047,1
1048,0
1049,1
1050,1
1051,0
1052,0
1053,1
1054,0
1055,0
1056,0
1057,1
1058,1
1059,1
1060,1
1061,1
1062,1
1063,0
1064,1
1065,0
1066,1
1067,0
1068,1
1069,1
1070,0
1071,1
1072,1
1073,1
1074,0
1075,1
1076,0
1077,0
1078,0
1079,1
1080,0
1081,1
1082,0
1083,0
1084,1
1085,1
1086,1
1087,1
1088,1
1089,1
1090,0
1091,0
1092,0
1093,0
1094,1
1095,0
1096,0
1097,0
1098,1
1099,0
1100,0
1101,0
1102,1
1103,0
1104,0
1105,1
1106,0
1107,0
1108,0
1109,0
1110,1
1111,0
1112,0
1113,0
1114,1
1115,0
1116,0
1117,1
1118,1
1119,0
1120,1
1121,0
1122,0
1123,1
1124,0
1125,0
1126,1
1127,0
1128,0
1129,1
1130,0
1131,0
1132,1
1133,1
1134,1
1135,1
1136,0
1137,0
1138,1
1139,1
1140,0
1141,0
1142,1
1143,1
1144,1
1145,1
1146,0
1147,1
1148,0
1149,1
1150,0
1151,1
1152,0
1153,1
1154,1
1155,0
1156,0
1157,0
1158,1
1159,1
1160,1
1161,1
1162,0
1163,1
1164,0
1165,1
1166,1
1167,0
1168,1
1169,0
1170,0
1171,0
1172,0
1173,1
1174,1
1175,0
1176,1
1177,1
1178,0
1179,0
1180,1
1181,1
1182,0
1183,1
1184,0
1185,1
1186,0
1187,1
1188,1
1189,1
1190,0
1191,0
1192,0
1193,0
1194,1
1195,1
1196,0
1197,1
1198,1
1199,1
1200,1
1201,1
1202,1
1203,0
1204,1
1205,1
1206,1
1207,1
1208,1
1209,0
1210,1
1211,1
1212,1
1213,0
1214,1
1215,0
1216,0
1217,1
1218,0
1219,0
1220,1
1221,0
1222,0
1223,1
1224,1
1225,1
1226,0
1227,1
1228,1
1229,1
1230,1
1231,1
1232,1
1233,1
1234,1
1235,1
1236,1
1237,0
1238,0
1239,0
1240,1
1241,1
1242,1
1243,0
1244,0
1245,1
1246,1
1247,0
1248,1
1249,1
1250,0
1251,0
1252,1
1253,0
1254,1
1255,0
1256,0
1257,0
1258,1
1259,1
1260,1
1261,0
1262,0
1263,0
1264,1
1265,1
1266,1
1267,1
1268,0
1269,0
1270,1
1271,1
1272,1
1273,0
1274,1
1275,0
1276,0
1277,1
1278,1
1279,1
1280,0
1281,0
1282,0
1283,1
1284,0
1285,0
1286,0
1287,1
1288,1
1289,1
1290,0
1291,1
1292,1
1293,0
1294,0
1295,0
1296,0
1297,1
1298,0
1299,0
1300,1
1301,1
1302,0
1303,1
1304,0
1305,0
1306,1
1307,1
1308,1
1309,1
1310,0
1311,0
1312,0
1313,0
1314,0
1315,1
1316,1
1317,1
1318,1
1319,0
1320,1
1321,1
1322,0
1323,1
1324,0
1325,0
1326,0
1327,0
1328,1
1329,1
1330,1
1331,1
1332,1
1333,1
1334,1
1335,0
1336,0
1337,1
1338,0
1339,0
1340,1
1341,1
1342,1
1343,1
1344,0
1345,0
1346,0
1347,0
1348,1
1349,1
1350,0
1351,0
1352,1
1353,0
1354,1
1355,1
1356,1
1357,0
1358,0
1359,0
1360,0
1361,1
1362,1
1363,1
1364,1
1365,1
1366,0
1367,0
1368,0
1369,0
1370,0
1371,1
1372,1
1373,0
1374,0
1375,0
1376,0
1377,1
1378,1
1379,1
1380,1
1381,1
1382,0
1383,0
1384,0
1385,0
1386,1
1387,0
1388,0
1389,0
1390,1
1391,1
1392,0
1393,1
1394,0
1395,0
1396,0
1397,0
1398,0
1399,1
1400,1
1401,0
1402,0
1403,0
1404,0
1405,1
1406,0
1407,1
1408,0
1409,1
1410,1
1411,1
1412,1
1413,1
1414,1
1415,1
1416,0
1417,1
1418,0
1419,1
1420,0
1421,0
1422,0
1423,0
1424,1
1425,1
1426,1
1427,1
1428,0
1429,0
1430,0
1431,0
1432,0
1433,1
1434,1
1435,1
1436,1
1437,1
1438,0
1439,1
1440,1
1441,0
1442,0
1443,1
1444,0
1445,1
1446,1
1447,0
1448,1
1449,0
1450,1
1451,0
1452,1
1453,0
1454,1
1455,1
1456,0
1457,1
1458,0
1459,1
1460,1
1461,0
1462,0
1463,0
1464,0
1465,0
1466,0
1467,1
1468,0
1469,1
1470,0
1471,1
1472,1
1473,1
1474,1
1475,1
1476,0
1477,1
1478,1
1479,0
1480,0
1481,1
1482,0
1483,1
1484,1
1485,1
1486,0
1487,1
1488,0
1489,0
1490,0
1491,0
1492,0
1493,1
1494,1
1495,1
1496,1
1497,0
1498,1
1499,0
1500,0
1501,0
1502,0
1503,0
1504,0
1505,0
1506,0
1507,0
1508,1
1509,1
1510,1
1511,1
1512,0
1513,1
1514,0
1515,0
1516,0
1517,1
1518,1
1519,1
1520,0
1521,0
1522,1
1523,1
1524,1
1525,0
1526,1
1527,1
1528,1
1529,1
1530,1
1531,0
1532,0
1533,1
1534,0
1535,1
1536,0
1537,0
1538,1
1539,1
1540,0
1541,1
1542,0
1543,0
1544,0
1545,0
1546,0
1547,0
1548,1
1549,0
1550,0
1551,0
1552,1
1553,1
1554,0
1555,1
1556,0
1557,0
1558,0
1559,1
1560,1
1561,1
1562,0
1563,1
1564,1
1565,1
1566,1
1567,0
1568,0
1569,0
1570,1
1571,0
1572,1
1573,0
1574,0
1575,1
1576,0
1577,0
1578,1
1579,0
1580,0
1581,0
1582,1
1583,1
1584,1
1585,0
1586,0
1587,0
1588,0
1589,1
1590,1
1591,1
1592,0
1593,0
1594,1
1595,0
1596,1
1597,0
1598,1
1599,0
1600,0
1601,1
1602,1
1603,1
1604,0
1605,1
1606,1
1607,0
1608,0
1609,1
1610,1
1611,1
1612,1
1613,0
1614,0
1615,1
1616,1
1617,0
1618,0
1619,0
1620,0
1621,1
1622,0
1623,0
1624,0
1625,0
1626,0
1627,1
1628,1
1629,1
1630,0
1631,0
1632,1
1633,0
1634,0
1635,1
1636,1
1637,0
1638,0
1639,0
1640,0
1641,1
1642,0
1643,0
1644,1
1645,0
1646,0
1647,0
1648,0
1649,0
1650,1
1651,1
1652,0
1653,1
1654,1
1655,0
1656,1
1657,0
1658,1
1659,1
1660,0
1661,1
1662,0
1663,1
1664,1
1665,1
1666,0
1667,1
1668,1
1669,1
1670,1
1671,1
1672,0
1673,0
1674,1
1675,0
1676,1
1677,0
1678,0
1679,1
1680,0
1681,0
1682,0
1683,1
1684,1
1685,0
1686,1
1687,0
1688,0
1689,1
1690,1
1691,1
1692,0
1693,0
1694,0
1695,0
1696,1
1697,1
1698,0
1699,1
1700,0
1701,1
1702,0
1703,1
1704,1
1705,1
1706,0
1707,1
1708,1
1709,1
1710,0
1711,0
1712,1
1713,1
1714,1
1715,1
1716,1
1717,0
1718,0
1719,0
1720,1
1721,0
1722,1
1723,1
1724,1
1725,1
1726,0
1727,1
1728,1
1729,0
1730,1
1731,1
1732,0
1733,1
1734,0
1735,0
1736,0
1737,1
1738,0
1739,1
1740,1
1741,1
1742,0
1743,1
1744,0
1745,1
1746,0
1747,0
1748,0
1749,1
1750,0
1751,1
1752,0
1753,0
1754,1
1755,0
1756,0
1757,0
1758,1
1759,0
1760,1
1761,1
1762,1
1763,1
1764,1
1765,0
1766,0
1767,0
1768,1
1769,1
1770,0
1771,0
1772,1
1773,0
1774,0
1775,1
1776,0
1777,0
1778,0
1779,0
1780,0
1781,0
1782,1
1783,0
1784,0
1785,0
1786,1
1787,0
1788,0
1789,0
1790,0
1791,0
1792,1
1793,0
1794,0
1795,1
1796,0
1797,1
1798,0
1799,1
1800,1
1801,1
1802,1
1803,0
1804,0
1805,1
1806,1
1807,0
1808,1
1809,0
1810,0
1811,0
1812,1
1813,1
1814,0
1815,0
1816,0
1817,1
1818,0
1819,0
1820,0
1821,0
1822,0
1823,0
1824,1
1825,1
1826,1
1827,1
1828,0
1829,0
1830,1
1831,0
1832,1
1833,0
1834,1
1835,0
1836,1
1837,1
1838,0
1839,0
1840,1
1841,0
1842,0
1843,1
1844,1
1845,1
1846,0
1847,0
1848,1
1849,1
1850,1
1851,1
1852,1
1853,0
1854,1
1855,1
1856,1
1857,0
1858,1
1859,1
1860,1
1861,0
1862,1
1863,1
1864,1
1865,0
1866,0
1867,1
1868,1
1869,1
1870,1
1871,0
1872,0
1873,1
1874,1
1875,0
1876,1
1877,1
1878,1
1879,1
1880,0
1881,1
1882,0
1883,1
1884,1
1885,0
1886,1
1887,1
1888,0
1889,1
1890,0
1891,0
1892,0
1893,1
1894,1
1895,0
1896,0
1897,0
1898,0
1899,0
1900,0
1901,0
1902,1
1903,0
1904,0
1905,0
1906,1
1907,0
1908,1
1909,0
1910,1
1911,0
1912,0
1913,1
1914,0
1915,1
1916,1
1917,1
1918,0
1919,0
1920,1
1921,0
1922,1
1923,1
1924,1
1925,1
1926,1
1927,1
1928,1
1929,0
1930,1
1931,1
1932,1
1933,1
1934,1
1935,1
1936,1
1937,1
1938,0
1939,0
1940,0
1941,1
1942,1
1943,0
1944,1
1945,1
1946,1
1947,1
1948,0
1949,0
1950,1
1951,1
1952,0
1953,0
1954,1
1955,1
1956,1
1957,0
1958,0
1959,1
1960,0
1961,0
1962,1
1963,0
1964,1
1965,1
1966,0
1967,1
1968,1
1969,1
1970,1
1971,0
1972,0
1973,0
1974,1
1975,0
1976,1
1977,0
1978,1
1979,1
1980,1
1981,1
1982,0
1983,1
1984,0
1985,0
1986,1
1987,0
1988,1
1989,0
1990,1
1991,1
1992,0
1993,0
1994,1
1995,1
1996,0
1997,0
1998,1
1999,1
2000,1
2001,1
2002,1
2003,1
2004,0
2005,0
2006,0
2007,0
2008,0
2009,1
2010,0
2011,0
2012,1
2013,1
2014,0
2015,1
2016,0
2017,0
2018,1
2019,1
2020,1
2021,1
2022,1
2023,1
2024,0
2025,1
2026,0
2027,0
2028,0
2029,0
2030,0
2031,1
2032,0
2033,1
2034,0
2035,1
2036,1
2037,0
2038,0
2039,0
2040,1
2041,1
2042,1
2043,1
2044,1
2045,1
2046,0
2047,1
2048,0
2049,0
2050,0
2051,1
2052,1
2053,1
2054,0
2055,1
2056,0
2057,0
2058,1
2059,1
2060,0
2061,0
2062,1
2063,0
2064,0
2065,1
2066,0
2067,1
2068,0
2069,0
2070,0
2071,0
2072,1
2073,1
2074,0
2075,1
2076,1
2077,1
2078,0
2079,1
2080,1
2081,0
2082,0
2083,1
2084,1
2085,1
2086,1
2087,0
2088,0
2089,0
2090,0
2091,1
2092,0
2093,0
2094,0
2095,0
2096,0
2097,0
2098,1
2099,0
2100,1
2101,0
2102,0
2103,1
2104,1
2105,1
2106,1
2107,1
2108,0
2109,0
2110,1
2111,0
2112,1
2113,1
2114,0
2115,0
2116,0
2117,0
2118,1
2119,0
2120,0
2121,1
2122,1
2123,1
2124,1
2125,0
2126,1
2127,0
2128,1
2129,0
2130,0
2131,0
2132,0
2133,1
2134,0
2135,0
2136,1
2137,1
2138,0
2139,0
2140,1
2141,1
2142,0
2143,0
2144,1
2145,1
2146,0
2147,1
2148,1
2149,1
2150,0
2151,1
2152,1
2153,1
2154,1
2155,1
2156,1
2157,1
2158,1
2159,0
2160,1
2161,1
2162,0
2163,0
2164,1
2165,1
2166,1
2167,1
2168,1
2169,0
2170,1
2171,0
2172,0
2173,1
2174,1
2175,1
2176,0
2177,0
2178,0
2179,1
2180,1
2181,1
2182,1
2183,0
2184,0
2185,1
2186,1
2187,0
2188,0
2189,1
2190,1
2191,1
2192,1
2193,0
2194,0
2195,1
2196,0
2197,1
2198,0
2199,0
2200,1
2201,1
2202,0
2203,0
2204,0
2205,1
2206,1
2207,1
2208,1
2209,0
2210,1
2211,1
2212,1
2213,1
2214,1
2215,1
2216,0
2217,1
2218,1
2219,0
2220,1
2221,0
2222,1
2223,0
2224,0
2225,1
2226,1
2227,1
2228,0
2229,0
2230,0
2231,1
2232,1
2233,0
2234,1
2235,0
2236,1
2237,1
2238,0
2239,1
2240,1
2241,1
2242,0
2243,0
2244,0
2245,0
2246,1
2247,1
2248,1
2249,0
2250,1
2251,0
2252,0
2253,1
2254,0
2255,0
2256,0
2257,1
2258,1
2259,1
2260,1
2261,0
2262,1
2263,0
2264,1
2265,1
2266,0
2267,1
2268,1
2269,1
2270,1
2271,1
2272,1
2273,1
2274,1
2275,1
2276,1
2277,1
2278,1
2279,1
2280,1
2281,1
2282,0
2283,1
2284,1
2285,1
2286,0
2287,1
2288,1
2289,1
2290,1
2291,1
2292,1
2293,1
2294,1
2295,0
2296,1
2297,0
2298,1
2299,0
2300,1
2301,1
2302,1
2303,0
2304,1
2305,0
2306,0
2307,0
2308,1
2309,1
2310,0
2311,1
2312,0
2313,0
2314,1
2315,1
2316,1
2317,0
2318,1
2319,0
2320,1
2321,1
2322,0
2323,1
2324,1
2325,1
2326,0
2327,1
2328,1
2329,0
2330,0
2331,1
2332,0
2333,1
2334,1
2335,1
2336,0
2337,0
2338,1
2339,1
2340,1
2341,0
2342,1
2343,0
2344,1
2345,0
2346,0
2347,1
2348,1
2349,0
2350,1
2351,1
2352,0
2353,0
2354,1
2355,0
2356,0
2357,1
2358,1
2359,0
2360,0
2361,0
2362,0
2363,0
2364,0
2365,1
2366,1
2367,0
2368,1
2369,1
2370,1
2371,1
2372,0
2373,0
2374,0
2375,0
2376,0
2377,0
2378,1
2379,0
2380,1
2381,0
2382,0
2383,0
2384,1
2385,1
2386,0
2387,1
2388,1
2389,0
2390,0
2391,1
2392,1
2393,1
2394,1
2395,1
2396,0
2397,1
2398,0
2399,1
2400,1
2401,0
2402,0
2403,1
2404,1
2405,0
2406,1
2407,1
2408,0
2409,1
2410,0
2411,0
2412,0
2413,1
2414,0
2415,0
2416,0
2417,1
2418,0
2419,1
2420,1
2421,0
2422,0
2423,1
2424,0
2425,0
2426,0
2427,1
2428,1
2429,0
2430,1
2431,0
2432,1
2433,0
2434,0
2435,1
2436,1
2437,0
2438,1
2439,1
2440,1
2441,1
2442,0
2443,0
2444,0
2445,1
2446,0
2447,0
2448,1
2449,0
2450,0
2451,0
2452,0
2453,0
2454,0
2455,0
2456,0
2457,1
2458,0
2459,1
2460,0
2461,0
2462,1
2463,1
2464,0
2465,1
2466,0
2467,1
2468,0
2469,0
2470,0
2471,0
2472,1
2473,0
2474,1
2475,1
2476,1
2477,1
2478,0
2479,1
2480,0
2481,1
2482,0
2483,1
2484,1
2485,0
2486,0
2487,1
2488,1
2489,1
2490,0
2491,0
2492,0
2493,1
2494,0
2495,1
2496,1
2497,0
2498,0
2499,1
2500,0
2501,1
2502,0
2503,0
2504,1
2505,0
2506,1
2507,0
2508,0
2509,1
2510,1
2511,1
2512,0
2513,1
2514,1
2515,1
2516,0
2517,0
2518,0
2519,0
2520,0
2521,1
2522,1
2523,1
2524,1
2525,0
2526,0
2527,1
2528,0
2529,1
2530,1
2531,1
2532,0
2533,1
2534,1
2535,1
2536,1
2537,0
2538,1
2539,0
2540,0
2541,0
2542,1
2543,0
2544,1
2545,1
2546,0
2547,1
2548,1
2549,0
2550,0
2551,0
2552,0
2553,0
2554,1
2555,0
2556,1
2557,0
2558,0
2559,1
2560,0
2561,1
2562,1
2563,0
2564,0
2565,1
2566,1
2567,1
2568,1
2569,0
2570,1
2571,1
2572,1
2573,1
2574,0
2575,0
2576,1
2577,0
2578,1
2579,0
2580,0
2581,0
2582,1
2583,0
2584,0
2585,1
2586,0
2587,1
2588,1
2589,1
2590,1
2591,1
2592,1
2593,1
2594,0
2595,0
2596,0
2597,1
2598,1
2599,0
2600,0
2601,0
2602,0
2603,0
2604,0
2605,0
2606,0
2607,0
2608,0
2609,0
2610,0
2611,1
2612,1
2613,0
2614,0
2615,0
2616,1
2617,0
2618,1
2619,1
2620,0
2621,0
2622,0
2623,0
2624,0
2625,0
2626,0
2627,0
2628,0
2629,0
2630,1
2631,0
2632,1
2633,0
2634,0
2635,1
2636,0
2637,1
2638,0
2639,1
2640,0
2641,1
2642,1
2643,0
2644,1
2645,0
2646,1
2647,1
2648,0
2649,0
2650,0
2651,0
2652,0
2653,0
2654,0
2655,1
2656,0
2657,0
2658,0
2659,1
2660,0
2661,0
2662,0
2663,1
2664,1
2665,1
2666,0
2667,0
2668,0
2669,0
2670,1
2671,1
2672,0
2673,1
2674,0
2675,1
2676,1
2677,0
2678,0
2679,1
2680,0
2681,0
2682,0
2683,0
2684,0
2685,1
2686,1
2687,1
2688,0
2689,1
2690,1
2691,0
2692,0
2693,0
2694,0
2695,0
2696,0
2697,1
2698,1
2699,1
2700,1
2701,0
2702,1
2703,1
2704,0
2705,0
2706,1
2707,1
2708,0
2709,1
2710,0
2711,0
2712,1
2713,0
2714,1
2715,1
2716,1
2717,0
2718,1
2719,1
2720,1
2721,1
2722,0
2723,0
2724,0
2725,1
2726,1
2727,0
2728,1
2729,0
2730,0
2731,1
2732,0
2733,0
2734,0
2735,1
2736,1
2737,0
2738,1
2739,1
2740,0
2741,0
2742,0
2743,1
2744,0
2745,0
2746,0
2747,0
2748,0
2749,0
2750,1
2751,1
2752,1
2753,1
2754,0
2755,0
2756,1
2757,0
2758,1
2759,1
2760,1
2761,0
2762,0
2763,1
2764,1
2765,0
2766,0
2767,0
2768,1
2769,1
2770,1
2771,0
2772,0
2773,1
2774,0
2775,0
2776,1
2777,0
2778,0
2779,0
2780,1
2781,1
2782,1
2783,1
2784,0
2785,1
2786,0
2787,1
2788,0
2789,0
2790,1
2791,0
2792,1
2793,0
2794,0
2795,1
2796,0
2797,0
2798,0
2799,1
2800,1
2801,0
2802,1
2803,1
2804,1
2805,1
2806,0
2807,0
2808,1
2809,1
2810,0
2811,1
2812,1
2813,1
2814,1
2815,0
2816,1
2817,0
2818,1
2819,1
2820,0
2821,1
2822,0
2823,0
2824,0
2825,0
2826,0
2827,1
2828,1
2829,1
2830,1
2831,0
2832,1
2833,0
2834,0
2835,1
2836,0
2837,0
2838,1
2839,1
2840,0
2841,0
2842,1
2843,1
2844,0
2845,0
2846,1
2847,1
2848,0
2849,1
2850,0
2851,1
2852,0
2853,0
2854,1
2855,0
2856,1
2857,0
2858,0
2859,1
2860,0
2861,0
2862,0
2863,0
2864,1
2865,0
2866,0
2867,1
2868,1
2869,1
2870,1
2871,1
2872,0
2873,1
2874,0
2875,0
2876,1
2877,1
2878,1
2879,0
2880,1
2881,0
2882,0
2883,1
2884,1
2885,1
2886,1
2887,0
2888,0
2889,0
2890,0
2891,0
2892,1
2893,0
2894,1
2895,0
2896,0
2897,0
2898,0
2899,0
2900,0
2901,0
2902,1
2903,1
2904,1
2905,1
2906,0
2907,1
2908,1
2909,0
2910,0
2911,0
2912,1
2913,0
2914,1
2915,1
2916,0
2917,1
2918,1
2919,1
2920,0
2921,1
2922,0
2923,0
2924,0
2925,1
2926,1
2927,0
2928,1
2929,1
2930,1
2931,1
2932,1
2933,1
2934,1
2935,0
2936,1
2937,1
2938,0
2939,1
2940,0
2941,0
2942,1
2943,1
2944,0
2945,0
2946,1
2947,1
2948,1
2949,0
2950,1
2951,1
2952,0
2953,0
2954,0
2955,1
2956,0
2957,1
2958,1
2959,0
2960,0
2961,1
2962,1
2963,1
2964,0
2965,1
2966,1
2967,0
2968,0
2969,1
2970,1
2971,1
2972,1
2973,0
2974,1
2975,0
2976,1
2977,1
2978,1
2979,0
2980,0
2981,0
2982,1
2983,1
2984,0
2985,1
2986,1
2987,1
2988,0
2989,0
2990,0
2991,0
2992,0
2993,1
2994,1
2995,1
2996,0
2997,1
2998,0
2999,0
3000,0
3001,0
3002,1
3003,1
3004,1
3005,1
3006,1
3007,0
3008,0
3009,1
3010,0
3011,0
3012,1
3013,1
3014,0
3015,0
3016,0
3017,0
3018,1
3019,0
3020,0
3021,1
3022,1
3023,1
3024,1
3025,1
3026,0
3027,0
3028,0
3029,1
3030,0
3031,0
3032,0
3033,1
3034,0
3035,1
3036,0
3037,1
3038,1
3039,0
3040,0
3041,1
3042,0
3043,1
3044,0
3045,0
3046,0
3047,1
3048,0
3049,0
3050,1
3051,1
3052,0
3053,1
3054,1
3055,1
3056,1
3057,1
3058,0
3059,0
3060,1
3061,0
3062,0
3063,1
3064,1
3065,1
3066,1
3067,0
3068,0
3069,1
3070,0
3071,1
3072,1
3073,1
3074,1
3075,1
3076,1
3077,1
3078,0
3079,1
3080,1
3081,1
3082,1
3083,1
3084,0
3085,0
3086,0
3087,1
3088,1
3089,1
3090,1
3091,0
3092,0
3093,0
3094,0
3095,0
3096,0
3097,0
3098,1
3099,1
3100,0
3101,1
3102,1
3103,0
3104,0
3105,0
3106,0
3107,1
3108,0
3109,1
3110,0
3111,0
3112,0
3113,1
3114,0
3115,0
3116,1
3117,1
3118,0
3119,0
3120,0
3121,1
3122,0
3123,1
3124,0
3125,1
3126,1
3127,1
3128,1
3129,0
3130,1
3131,1
3132,1
3133,0
3134,1
3135,1
3136,0
3137,0
3138,0
3139,1
3140,1
3141,0
3142,0
3143,0
3144,1
3145,1
3146,0
3147,1
3148,1
3149,0
3150,0
3151,1
3152,0
3153,1
3154,0
3155,1
3156,1
3157,1
3158,1
3159,0
3160,1
3161,0
3162,1
3163,1
3164,1
3165,1
3166,0
3167,1
3168,0
3169,1
3170,1
3171,1
3172,1
3173,0
3174,1
3175,0
3176,0
3177,1
3178,0
3179,0
3180,0
3181,0
3182,0
3183,1
3184,1
3185,1
3186,1
3187,0
3188,0
3189,1
3190,1
3191,0
3192,0
3193,1
3194,0
3195,1
3196,1
3197,0
3198,0
3199,1
3200,0
3201,1
3202,0
3203,0
3204,0
3205,0
3206,0
3207,1
3208,1
3209,1
3210,0
3211,0
3212,1
3213,0
3214,1
3215,1
3216,0
3217,0
3218,1
3219,1
3220,1
3221,0
3222,0
3223,0
3224,1
3225,0
3226,0
3227,0
3228,1
3229,0
3230,0
3231,1
3232,0
3233,1
3234,1
3235,1
3236,1
3237,1
3238,1
3239,1
3240,0
3241,0
3242,0
3243,0
3244,1
3245,0
3246,0
3247,1
3248,0
3249,0
3250,1
3251,0
3252,1
3253,0
3254,0
3255,0
3256,1
3257,1
3258,0
3259,0
3260,1
3261,1
3262,0
3263,1
3264,1
3265,0
3266,1
3267,1
3268,1
3269,1
3270,0
3271,1
3272,1
3273,0
3274,1
3275,0
3276,0
3277,1
3278,0
3279,0
3280,1
3281,1
3282,0
3283,1
3284,0
3285,0
3286,0
3287,1
3288,1
3289,0
3290,0
3291,0
3292,0
3293,0
3294,1
3295,1
3296,0
3297,1
3298,0
3299,1
3300,1
3301,0
3302,1
3303,0
3304,0
3305,1
3306,0
3307,1
3308,1
3309,0
3310,0
3311,0
3312,1
3313,1
3314,1
3315,0
3316,0
3317,0
3318,1
3319,1
3320,1
3321,1
3322,0
3323,1
3324,0
3325,0
3326,1
3327,1
3328,1
3329,0
3330,1
3331,1
3332,1
3333,0
3334,0
3335,0
3336,1
3337,1
3338,0
3339,1
3340,0
3341,0
3342,1
3343,1
3344,0
3345,0
3346,1
3347,0
3348,0
3349,1
3350,0
3351,1
3352,0
3353,0
3354,1
3355,1
3356,0
3357,0
3358,0
3359,0
3360,0
3361,1
3362,0
3363,0
3364,1
3365,0
3366,0
3367,0
3368,0
3369,0
3370,1
3371,0
3372,0
3373,1
3374,0
3375,0
3376,1
3377,1
3378,0
3379,0
3380,1
3381,1
3382,1
3383,0
3384,1
3385,0
3386,0
3387,0
3388,0
3389,0
3390,1
3391,0
3392,1
3393,1
3394,1
3395,0
3396,0
3397,1
3398,1
3399,0
3400,0
3401,1
3402,0
3403,1
3404,1
3405,0
3406,1
3407,1
3408,0
3409,0
3410,0
3411,0
3412,1
3413,0
3414,1
3415,1
3416,1
3417,0
3418,0
3419,1
3420,1
3421,1
3422,1
3423,1
3424,1
3425,0
3426,1
3427,0
3428,1
3429,0
3430,0
3431,0
3432,0
3433,1
3434,1
3435,0
3436,1
3437,1
3438,1
3439,0
3440,0
3441,1
3442,1
3443,1
3444,0
3445,0
3446,1
3447,0
3448,0
3449,1
3450,0
3451,0
3452,0
3453,1
3454,0
3455,1
3456,0
3457,1
3458,0
3459,0
3460,0
3461,1
3462,1
3463,1
3464,1
3465,0
3466,1
3467,1
3468,0
3469,1
3470,1
3471,0
3472,0
3473,0
3474,1
3475,0
3476,1
3477,1
3478,0
3479,1
3480,0
3481,0
3482,0
3483,0
3484,1
3485,0
3486,0
3487,1
3488,0
3489,0
3490,0
3491,1
3492,0
3493,0
3494,0
3495,1
3496,1
3497,1
3498,0
3499,0
3500,1
3501,0
3502,1
3503,1
3504,1
3505,1
3506,0
3507,1
3508,1
3509,1
3510,1
3511,1
3512,1
3513,0
3514,0
3515,0
3516,0
3517,1
3518,1
3519,1
3520,0
3521,1
3522,1
3523,0
3524,0
3525,1
3526,0
3527,0
3528,0
3529,0
3530,0
3531,0
3532,0
3533,0
3534,1
3535,1
3536,1
3537,1
3538,1
3539,0
3540,1
3541,1
3542,0
3543,1
3544,1
3545,1
3546,0
3547,0
3548,1
3549,1
3550,0
3551,1
3552,0
3553,0
3554,0
3555,1
3556,1
3557,0
3558,0
3559,0
3560,0
3561,1
3562,1
3563,1
3564,1
3565,0
3566,0
3567,1
3568,0
3569,1
3570,1
3571,0
3572,0
3573,0
3574,1
3575,0
3576,0
3577,0
3578,1
3579,1
3580,1
3581,0
3582,1
3583,1
3584,0
3585,1
3586,0
3587,0
3588,0
3589,1
3590,1
3591,1
3592,0
3593,1
3594,1
3595,0
3596,1
3597,1
3598,0
3599,1
3600,1
3601,1
3602,0
3603,0
3604,1
3605,1
3606,0
3607,0
3608,1
3609,0
3610,0
3611,1
3612,1
3613,0
3614,1
3615,1
3616,0
3617,1
3618,0
3619,1
3620,0
3621,0
3622,0
3623,1
3624,0
3625,1
3626,1
3627,1
3628,0
3629,1
3630,1
3631,0
3632,1
3633,1
3634,1
3635,1
3636,1
3637,1
3638,0
3639,1
3640,0
3641,1
3642,1
3643,0
3644,1
3645,0
3646,1
3647,0
3648,0
3649,1
3650,1
3651,1
3652,1
3653,0
3654,0
3655,1
3656,0
3657,0
3658,0
3659,1
3660,1
3661,0
3662,0
3663,1
3664,0
3665,1
3666,0
3667,1
3668,0
3669,0
3670,1
3671,1
3672,1
3673,1
3674,0
3675,0
3676,0
3677,1
3678,1
3679,0
3680,1
3681,0
3682,0
3683,0
3684,0
3685,0
3686,1
3687,0
3688,0
3689,1
3690,0
3691,1
3692,0
3693,0
3694,0
3695,1
3696,0
3697,1
3698,0
3699,0
3700,0
3701,1
3702,1
3703,1
3704,0
3705,0
3706,0
3707,1
3708,0
3709,1
3710,0
3711,0
3712,0
3713,1
3714,0
3715,1
3716,0
3717,0
3718,1
3719,0
3720,0
3721,0
3722,0
3723,1
3724,0
3725,0
3726,0
3727,0
3728,0
3729,1
3730,0
3731,1
3732,0
3733,0
3734,0
3735,0
3736,1
3737,1
3738,0
3739,1
3740,1
3741,0
3742,1
3743,0
3744,1
3745,1
3746,0
3747,1
3748,1
3749,1
3750,1
3751,1
3752,1
3753,0
3754,0
3755,1
3756,0
3757,1
3758,1
3759,0
3760,1
3761,0
3762,0
3763,1
3764,1
3765,0
3766,0
3767,0
3768,0
3769,0
3770,0
3771,1
3772,0
3773,0
3774,0
3775,1
3776,0
3777,0
3778,1
3779,1
3780,1
3781,0
3782,1
3783,1
3784,0
3785,1
3786,1
3787,0
3788,1
3789,0
3790,0
3791,0
3792,1
3793,0
3794,0
3795,0
3796,1
3797,0
3798,0
3799,0
3800,0
3801,0
3802,0
3803,1
3804,1
3805,0
3806,1
3807,1
3808,0
3809,1
3810,0
3811,1
3812,0
3813,1
3814,1
3815,0
3816,1
3817,0
3818,0
3819,1
3820,0
3821,0
3822,0
3823,1
3824,0
3825,1
3826,0
3827,1
3828,0
3829,1
3830,0
3831,0
3832,1
3833,0
3834,1
3835,1
3836,0
3837,1
3838,0
3839,0
3840,0
3841,0
3842,0
3843,0
3844,1
3845,0
3846,0
3847,1
3848,0
3849,1
3850,1
3851,1
3852,1
3853,0
3854,1
3855,0
3856,1
3857,1
3858,1
3859,1
3860,0
3861,0
3862,0
3863,0
3864,1
3865,0
3866,0
3867,0
3868,1
3869,0
3870,0
3871,0
3872,1
3873,1
3874,1
3875,1
3876,1
3877,0
3878,0
3879,0
3880,1
3881,1
3882,1
3883,1
3884,0
3885,1
3886,1
3887,1
3888,0
3889,0
3890,0
3891,1
3892,0
3893,1
3894,0
3895,1
3896,1
3897,1
3898,1
3899,1
3900,1
3901,0
3902,0
3903,1
3904,0
3905,0
3906,1
3907,0
3908,0
3909,1
3910,0
3911,1
3912,0
3913,0
3914,1
3915,0
3916,0
3917,0
3918,0
3919,0
3920,0
3921,1
3922,0
3923,1
3924,0
3925,0
3926,0
3927,1
3928,1
3929,0
3930,1
3931,0
3932,1
3933,0
3934,1
3935,0
3936,0
3937,0
3938,1
3939,1
3940,0
3941,1
3942,1
3943,0
3944,0
3945,0
3946,1
3947,0
3948,1
3949,0
3950,0
3951,1
3952,1
3953,1
3954,0
3955,1
3956,1
3957,0
3958,1
3959,0
3960,1
3961,1
3962,1
3963,1
3964,1
3965,0
3966,0
3967,0
3968,1
3969,0
3970,1
3971,1
3972,1
3973,0
3974,0
3975,1
3976,0
3977,1
3978,0
3979,0
3980,1
3981,0
3982,0
3983,0
3984,0
3985,1
3986,0
3987,0
3988,0
3989,0
3990,1
3991,0
3992,1
3993,0
3994,1
3995,1
3996,0
3997,1
3998,1
3999,0
4000,1
4001,1
4002,1
4003,1
4004,1
4005,1
4006,1
4007,0
4008,0
4009,1
4010,0
4011,1
4012,0
4013,0
4014,0
4015,0
4016,1
4017,0
4018,0
4019,0
4020,1
4021,1
4022,0
4023,1
4024,0
4025,1
4026,1
4027,1
4028,1
4029,1
4030,1
4031,0
4032,1
4033,0
4034,0
4035,1
4036,1
4037,0
4038,1
4039,1
4040,1
4041,0
4042,1
4043,0
4044,1
4045,1
4046,1
4047,0
4048,0
4049,1
4050,1
4051,0
4052,0
4053,1
4054,0
4055,0
4056,1
4057,0
4058,1
4059,0
4060,1
4061,1
4062,0
4063,1
4064,0
4065,1
4066,0
4067,1
4068,1
4069,0
4070,0
4071,0
4072,1
4073,1
4074,0
4075,0
4076,0
4077,1
4078,0
4079,0
4080,0
4081,0
4082,0
4083,0
4084,1
4085,1
4086,1
4087,1
4088,1
4089,0
4090,0
4091,0
4092,1
4093,0
4094,1
4095,1
4096,0
4097,0
4098,1
4099,0
4100,0
4101,1
4102,1
4103,1
4104,1
4105,0
4106,1
4107,0
4108,1
4109,1
4110,0
4111,0
4112,0
4113,0
4114,0
4115,0
4116,0
4117,1
4118,0
4119,1
4120,0
4121,1
4122,1
4123,1
4124,0
4125,0
4126,0
4127,1
4128,1
4129,0
4130,1
4131,1
4132,0
4133,0
4134,0
4135,0
4136,1
4137,1
4138,1
4139,1
4140,1
4141,1
4142,0
4143,1
4144,1
4145,1
4146,1
4147,1
4148,1
4149,0
4150,0
4151,0
4152,0
4153,1
4154,0
4155,0
4156,0
4157,0
4158,1
4159,1
4160,1
4161,0
4162,0
4163,0
4164,0
4165,1
4166,1
4167,0
4168,0
4169,1
4170,0
4171,1
4172,0
4173,0
4174,1
4175,1
4176,0
4177,1
4178,0
4179,0
4180,0
4181,1
4182,1
4183,1
4184,0
4185,0
4186,1
4187,0
4188,0
4189,1
4190,1
4191,0
4192,1
4193,0
4194,1
4195,0
4196,1
4197,1
4198,1
4199,0
4200,0
4201,0
4202,1
4203,0
4204,1
4205,1
4206,0
4207,1
4208,1
4209,1
4210,1
4211,0
4212,1
4213,1
4214,1
4215,0
4216,0
4217,0
4218,1
4219,0
4220,0
4221,1
4222,0
4223,0
4224,1
4225,0
4226,0
4227,0
4228,0
4229,1
4230,1
4231,1
4232,1
4233,1
4234,1
4235,0
4236,0
4237,1
4238,0
4239,1
4240,1
4241,0
4242,0
4243,1
4244,0
4245,0
4246,0
4247,1
4248,0
4249,0
4250,1
4251,0
4252,1
4253,0
4254,0
4255,1
4256,0
4257,1
4258,1
4259,0
4260,1
4261,1
4262,0
4263,1
4264,1
4265,1
4266,0
4267,1
4268,0
4269,1
4270,0
4271,1
4272,0
4273,0
4274,0
4275,1
4276,0
4277,1
4278,0
4279,0
4280,0
4281,1
4282,0
4283,1
4284,1
4285,1
4286,1
4287,0
4288,0
4289,0
4290,1
4291,1
4292,1
4293,1
4294,0
4295,0
4296,0
4297,0
4298,0
4299,1
4300,0
4301,0
4302,1
4303,0
4304,0
4305,0
4306,0
4307,0
4308,0
4309,1
4310,1
4311,1
4312,1
4313,1
4314,0
4315,0
4316,0
4317,0
4318,1
4319,0
4320,0
4321,1
4322,1
4323,0
4324,1
4325,0
4326,0
4327,1
4328,1
4329,0
4330,0
4331,1
4332,1
4333,0
4334,0
4335,0
4336,0
4337,0
4338,1
4339,1
4340,0
4341,1
4342,1
4343,1
4344,0
4345,0
4346,0
4347,1
4348,0
4349,1
4350,0
4351,1
4352,1
4353,1
4354,0
4355,1
4356,0
4357,1
4358,0
4359,1
4360,0
4361,1
4362,0
4363,1
4364,0
4365,1
4366,1
4367,0
4368,1
4369,0
4370,1
4371,1
4372,0
4373,0
4374,1
4375,1
4376,0
4377,1
4378,0
4379,0
4380,1
4381,0
4382,1
4383,0
4384,1
4385,0
4386,1
4387,1
4388,1
4389,1
4390,0
4391,0
4392,1
4393,0
4394,0
4395,1
4396,0
4397,1
4398,1
4399,1
4400,1
4401,0
4402,1
4403,1
4404,1
4405,0
4406,1
4407,0
4408,1
4409,1
4410,0
4411,1
4412,1
4413,0
4414,1
4415,1
4416,1
4417,1
4418,1
4419,1
4420,1
4421,0
4422,0
4423,1
4424,0
4425,0
4426,1
4427,0
4428,1
4429,0
4430,1
4431,0
4432,1
4433,1
4434,1
4435,1
4436,1
4437,1
4438,1
4439,1
4440,0
4441,0
4442,1
4443,1
4444,1
4445,0
4446,0
4447,1
4448,0
4449,1
4450,1
4451,0
4452,0
4453,1
4454,1
4455,1
4456,0
4457,0
4458,1
4459,0
4460,0
4461,0
4462,0
4463,1
4464,1
4465,1
4466,0
4467,1
4468,1
4469,1
4470,0
4471,0
4472,0
4473,0
4474,0
4475,1
4476,1
4477,1
4478,0
4479,1
4480,1
4481,0
4482,1
4483,1
4484,1
4485,1
4486,1
4487,1
4488,1
4489,1
4490,0
4491,0
4492,0
4493,1
4494,0
4495,0
4496,1
4497,1
4498,0
4499,0
4500,0
4501,1
4502,1
4503,0
4504,1
4505,1
4506,1
4507,0
4508,0
4509,0
4510,1
4511,0
4512,0
4513,1
4514,1
4515,1
4516,1
4517,1
4518,1
4519,0
4520,1
4521,1
4522,0
4523,0
4524,0
4525,0
4526,1
4527,1
4528,0
4529,1
4530,0
4531,0
4532,0
4533,0
4534,1
4535,1
4536,0
4537,1
4538,1
4539,1
4540,0
4541,1
4542,0
4543,0
4544,1
4545,1
4546,1
4547,1
4548,0
4549,1
4550,0
4551,1
4552,1
4553,1
4554,0
4555,0
4556,1
4557,0
4558,1
4559,1
4560,0
4561,0
4562,1
4563,1
4564,0
4565,1
4566,1
4567,1
4568,0
4569,0
4570,1
4571,0
4572,1
4573,0
4574,0
4575,0
4576,0
4577,0
4578,1
4579,0
4580,1
4581,0
4582,1
4583,0
4584,0
4585,1
4586,0
4587,0
4588,0
4589,1
4590,1
4591,1
4592,1
4593,1
4594,1
4595,1
4596,0
4597,0
4598,1
4599,0
4600,0
4601,0
4602,1
4603,0
4604,0
4605,0
4606,1
4607,0
4608,0
4609,1
4610,0
4611,1
4612,1
4613,1
4614,1
4615,1
4616,0
4617,1
4618,0
4619,1
4620,1
4621,0
4622,0
4623,1
4624,0
4625,1
4626,0
4627,0
4628,1
4629,1
4630,0
4631,0
4632,0
4633,0
4634,1
4635,0
4636,0
4637,1
4638,0
4639,0
4640,1
4641,1
4642,0
4643,1
4644,1
4645,0
4646,0
4647,0
4648,0
4649,1
4650,1
4651,0
4652,0
4653,0
4654,1
4655,1
4656,1
4657,1
4658,1
4659,0
4660,0
4661,0
4662,0
4663,1
4664,0
4665,0
4666,0
4667,1
4668,0
4669,0
4670,0
4671,0
4672,0
4673,0
4674,1
4675,0
4676,1
4677,1
4678,0
4679,1
4680,1
4681,1
4682,1
4683,1
4684,1
4685,0
4686,1
4687,1
4688,1
4689,1
4690,0
4691,1
4692,0
4693,0
4694,0
4695,0
4696,0
4697,0
4698,1
4699,0
4700,1
4701,1
4702,1
4703,0
4704,0
4705,1
4706,1
4707,1
4708,0
4709,0
4710,1
4711,0
4712,0
4713,0
4714,0
4715,1
4716,0
4717,0
4718,0
4719,1
4720,1
4721,0
4722,1
4723,1
4724,0
4725,1
4726,1
4727,1
4728,0
4729,1
4730,0
4731,1
4732,1
4733,1
4734,0
4735,0
4736,1
4737,0
4738,0
4739,0
4740,0
4741,0
4742,0
4743,1
4744,0
4745,0
4746,1
4747,0
4748,1
4749,1
4750,0
4751,1
4752,0
4753,1
4754,1
4755,1
4756,1
4757,1
4758,1
4759,1
4760,0
4761,0
4762,0
4763,1
4764,1
4765,0
4766,0
4767,0
4768,1
4769,1
4770,0
4771,1
4772,1
4773,0
4774,0
4775,1
4776,0
4777,0
4778,0
4779,0
4780,0
4781,0
4782,1
4783,0
4784,0
4785,1
4786,1
4787,0
4788,1
4789,0
4790,0
4791,0
4792,0
4793,0
4794,1
4795,1
4796,0
4797,0
4798,1
4799,0
4800,0
4801,1
4802,1
4803,0
4804,1
4805,0
4806,1
4807,1
4808,1
4809,1
4810,1
4811,1
4812,0
4813,0
4814,0
4815,0
4816,0
4817,0
4818,0
4819,0
4820,1
4821,1
4822,0
4823,1
4824,1
4825,0
4826,1
4827,1
4828,0
4829,1
4830,1
4831,0
4832,1
4833,1
4834,0
4835,0
4836,1
4837,0
4838,1
4839,0
4840,0
4841,1
4842,0
4843,0
4844,1
4845,0
4846,1
4847,1
4848,0
4849,1
4850,0
4851,0
4852,0
4853,1
4854,1
4855,1
4856,1
4857,0
4858,1
4859,0
4860,1
4861,0
4862,1
4863,1
4864,1
4865,0
4866,0
4867,0
4868,0
4869,1
4870,1
4871,0
4872,1
4873,0
4874,0
4875,1
4876,0
4877,1
4878,0
4879,0
4880,0
4881,1
4882,0
4883,1
4884,0
4885,0
4886,1
4887,0
4888,1
4889,1
4890,1
4891,1
4892,1
4893,0
4894,0
4895,0
4896,1
4897,0
4898,1
4899,0
4900,0
4901,0
4902,0
4903,0
4904,0
4905,0
4906,0
4907,1
4908,1
4909,0
4910,1
4911,1
4912,1
4913,0
4914,1
4915,0
4916,0
4917,0
4918,0
4919,0
4920,1
4921,1
4922,0
4923,0
4924,0
4925,1
4926,0
4927,1
4928,0
4929,0
4930,0
4931,1
4932,1
4933,0
4934,0
4935,0
4936,0
4937,0
4938,0
4939,0
4940,0
4941,0
4942,0
4943,0
4944,0
4945,1
4946,1
4947,1
4948,0
4949,1
4950,0
4951,1
4952,0
4953,1
4954,1
4955,0
4956,0
4957,0
4958,1
4959,1
4960,1
4961,0
4962,1
4963,0
4964,0
4965,0
4966,1
4967,0
4968,1
4969,0
4970,1
4971,0
4972,0
4973,0
4974,0
4975,1
4976,1
4977,1
4978,0
4979,0
4980,1
4981,1
4982,0
4983,1
4984,0
4985,0
4986,1
4987,1
4988,1
4989,1
4990,1
4991,1
4992,0
4993,0
4994,0
4995,0
4996,1
4997,0
4998,1
4999,1
5000,0
5001,1
5002,1
5003,1
5004,1
5005,1
5006,1
5007,1
5008,0
5009,0
5010,1
5011,0
5012,0
5013,0
5014,0
5015,0
5016,0
5017,1
5018,1
5019,1
5020,0
5021,0
5022,1
5023,1
5024,0
5025,1
5026,1
5027,1
5028,1
5029,1
5030,0
5031,0
5032,1
5033,1
5034,1
5035,1
5036,1
5037,1
5038,1
5039,1
5040,0
5041,1
5042,1
5043,0
5044,1
5045,1
5046,0
5047,0
5048,0
5049,0
5050,1
5051,0
5052,1
5053,1
5054,1
5055,0
5056,0
5057,1
5058,0
5059,1
5060,1
5061,1
5062,0
5063,0
5064,1
5065,0
5066,0
5067,0
5068,0
5069,1
5070,1
5071,0
5072,1
5073,0
5074,1
5075,1
5076,1
5077,0
5078,0
5079,1
5080,0
5081,0
5082,1
5083,0
5084,0
5085,1
5086,1
5087,1
5088,0
5089,0
5090,1
5091,0
5092,1
5093,1
5094,0
5095,1
5096,1
5097,1
5098,1
5099,1
5100,0
5101,0
5102,0
5103,1
5104,0
5105,1
5106,0
5107,0
5108,0
5109,1
5110,0
5111,1
5112,1
5113,1
5114,0
5115,0
5116,1
5117,0
5118,1
5119,0
5120,0
5121,1
5122,1
5123,0
5124,1
5125,1
5126,0
5127,0
5128,1
5129,1
5130,1
5131,0
5132,1
5133,0
5134,1
5135,0
5136,1
5137,0
5138,1
5139,0
5140,0
5141,1
5142,1
5143,0
5144,0
5145,0
5146,0
5147,0
5148,1
5149,1
5150,1
5151,0
5152,1
5153,1
5154,1
5155,1
5156,0
5157,1
5158,0
5159,1
5160,0
5161,1
5162,0
5163,1
5164,1
5165,1
5166,0
5167,1
5168,1
5169,0
5170,1
5171,1
5172,0
5173,0
5174,1
5175,0
5176,0
5177,1
5178,0
5179,0
5180,0
5181,0
5182,1
5183,1
5184,1
5185,1
5186,0
5187,1
5188,1
5189,1
5190,1
5191,0
5192,1
5193,1
5194,0
5195,1
5196,0
5197,1
5198,1
5199,1
5200,0
5201,1
5202,0
5203,1
5204,1
5205,1
5206,0
5207,1
5208,1
5209,0
5210,0
5211,1
5212,0
5213,1
5214,0
5215,1
5216,1
5217,1
5218,0
5219,0
5220,1
5221,1
5222,1
5223,1
5224,1
5225,0
5226,1
5227,1
5228,0
5229,0
5230,1
5231,0
5232,0
5233,1
5234,1
5235,0
5236,1
5237,1
5238,1
5239,1
5240,1
5241,1
5242,1
5243,1
5244,0
5245,0
5246,0
5247,0
5248,1
5249,0
5250,0
5251,0
5252,1
5253,0
5254,1
5255,0
5256,1
5257,0
5258,1
5259,1
5260,0
5261,0
5262,1
5263,1
5264,1
5265,1
5266,0
5267,1
5268,0
5269,1
5270,0
5271,1
5272,1
5273,1
5274,1
5275,1
5276,0
5277,0
5278,1
5279,0
5280,0
5281,0
5282,0
5283,0
5284,1
5285,0
5286,0
5287,1
5288,0
5289,0
5290,1
5291,1
5292,0
5293,0
5294,0
5295,1
5296,0
5297,0
5298,0
5299,0
5300,0
5301,0
5302,1
5303,1
5304,1
5305,0
5306,1
5307,1
5308,1
5309,1
5310,1
5311,0
5312,0
5313,1
5314,1
5315,1
5316,1
5317,1
5318,1
5319,1
5320,1
5321,1
5322,0
5323,0
5324,1
5325,0
5326,0
5327,0
5328,0
5329,0
5330,0
5331,1
5332,0
5333,1
5334,0
5335,1
5336,1
5337,0
5338,1
5339,0
5340,0
5341,1
5342,1
5343,0
5344,1
5345,1
5346,0
5347,0
5348,1
5349,1
5350,1
5351,0
5352,0
5353,0
5354,0
5355,1
5356,1
5357,0
5358,1
5359,1
5360,1
5361,0
5362,0
5363,1
5364,1
5365,0
5366,1
5367,1
5368,0
5369,0
5370,0
5371,0
5372,0
5373,0
5374,1
5375,0
5376,1
5377,0
5378,0
5379,0
5380,1
5381,0
5382,0
5383,0
5384,0
5385,0
5386,0
5387,0
5388,0
5389,0
5390,1
5391,1
5392,1
5393,0
5394,1
5395,0
5396,0
5397,0
5398,0
5399,0
5400,1
5401,1
5402,1
5403,1
5404,1
5405,1
5406,0
5407,1
5408,0
5409,0
5410,0
5411,0
5412,0
5413,0
5414,0
5415,0
5416,1
5417,0
5418,1
5419,1
5420,0
5421,1
5422,0
5423,1
5424,0
5425,1
5426,1
5427,0
5428,0
5429,1
5430,0
5431,1
5432,0
5433,0
5434,0
5435,0
5436,0
5437,1
5438,0
5439,1
5440,0
5441,1
5442,0
5443,0
5444,0
5445,0
5446,1
5447,1
5448,1
5449,1
5450,0
5451,0
5452,1
5453,0
5454,1
5455,1
5456,1
5457,1
5458,1
5459,0
5460,0
5461,1
5462,0
5463,1
5464,1
5465,0
5466,0
5467,1
5468,1
5469,1
5470,1
5471,0
5472,0
5473,0
5474,1
5475,1
5476,1
5477,1
5478,0
5479,0
5480,0
5481,1
5482,0
5483,0
5484,1
5485,0
5486,0
5487,1
5488,0
5489,0
5490,0
5491,0
5492,0
5493,0
5494,1
5495,1
5496,0
5497,0
5498,1
5499,1
5500,1
5501,1
5502,1
5503,1
5504,1
5505,0
5506,0
5507,0
5508,1
5509,0
5510,0
5511,1
5512,1
5513,0
5514,1
5515,0
5516,1
5517,1
5518,0
5519,1
5520,0
5521,0
5522,0
5523,1
5524,1
5525,0
5526,1
5527,0
5528,1
5529,1
5530,1
5531,1
5532,1
5533,1
5534,0
5535,1
5536,1
5537,1
5538,1
5539,0
5540,1
5541,0
5542,0
5543,0
5544,0
5545,1
5546,0
5547,1
5548,0
5549,0
5550,0
5551,1
5552,1
5553,1
5554,1
5555,1
5556,1
5557,1
5558,1
5559,0
5560,0
5561,1
5562,1
5563,0
5564,0
5565,1
5566,1
5567,0
5568,0
5569,0
5570,0
5571,1
5572,0
5573,0
5574,1
5575,0
5576,0
5577,1
5578,1
5579,0
5580,1
5581,1
5582,0
5583,0
5584,1
5585,1
5586,1
5587,1
5588,0
5589,1
5590,1
5591,0
5592,1
5593,0
5594,1
5595,1
5596,0
5597,0
5598,1
5599,1
5600,0
5601,0
5602,1
5603,1
5604,1
5605,0
5606,0
5607,1
5608,1
5609,0
5610,1
5611,1
5612,1
5613,0
5614,1
5615,1
5616,1
5617,1
5618,1
5619,0
5620,1
5621,1
5622,1
5623,0
5624,0
5625,1
5626,0
5627,0
5628,0
5629,0
5630,1
5631,0
5632,1
5633,0
5634,1
5635,1
5636,0
5637,1
5638,1
5639,0
5640,0
5641,0
5642,0
5643,0
5644,1
5645,1
5646,0
5647,1
5648,0
5649,0
5650,1
5651,0
5652,1
5653,0
5654,1
5655,1
5656,0
5657,0
5658,1
5659,0
5660,1
5661,0
5662,0
5663,0
5664,1
5665,1
5666,0
5667,1
5668,1
5669,1
5670,0
5671,1
5672,0
5673,1
5674,1
5675,0
5676,0
5677,0
5678,0
5679,1
5680,0
5681,0
5682,0
5683,0
5684,0
5685,0
5686,1
5687,1
5688,1
5689,1
5690,0
5691,1
5692,0
5693,0
5694,0
5695,1
5696,1
5697,1
5698,0
5699,0
5700,0
5701,1
5702,1
5703,1
5704,1
5705,0
5706,1
5707,0
5708,0
5709,1
5710,0
5711,1
5712,0
5713,0
5714,1
5715,0
5716,1
5717,0
5718,0
5719,1
5720,0
5721,0
5722,1
5723,0
5724,0
5725,0
5726,1
5727,0
5728,0
5729,0
5730,0
5731,0
5732,1
5733,1
5734,1
5735,1
5736,0
5737,1
5738,1
5739,1
5740,0
5741,1
5742,0
5743,1
5744,0
5745,1
5746,0
5747,0
5748,1
5749,0
5750,1
5751,1
5752,1
5753,0
5754,1
5755,0
5756,1
5757,0
5758,0
5759,1
5760,1
5761,0
5762,1
5763,0
5764,0
5765,0
5766,0
5767,1
5768,1
5769,0
5770,1
5771,1
5772,0
5773,0
5774,0
5775,1
5776,1
5777,0
5778,0
5779,0
5780,0
5781,1
5782,0
5783,0
5784,0
5785,0
5786,1
5787,1
5788,0
5789,1
5790,0
5791,1
5792,0
5793,1
5794,1
5795,1
5796,0
5797,1
5798,1
5799,1
5800,1
5801,0
5802,1
5803,0
5804,1
5805,0
5806,1
5807,1
5808,0
5809,1
5810,1
5811,1
5812,1
5813,1
5814,1
5815,1
5816,0
5817,0
5818,1
5819,0
5820,0
5821,1
5822,0
5823,0
5824,0
5825,1
5826,1
5827,0
5828,0
5829,0
5830,0
5831,1
5832,1
5833,1
5834,1
5835,1
5836,0
5837,0
5838,0
5839,0
5840,1
5841,1
5842,1
5843,0
5844,0
5845,0
5846,1
5847,0
5848,0
5849,1
5850,1
5851,1
5852,1
5853,0
5854,1
5855,1
5856,0
5857,0
5858,1
5859,0
5860,1
5861,0
5862,1
5863,0
5864,1
5865,0
5866,0
5867,1
5868,1
5869,1
5870,0
5871,1
5872,1
5873,1
5874,1
5875,1
5876,1
5877,1
5878,1
5879,0
5880,0
5881,1
5882,1
5883,1
5884,0
5885,1
5886,0
5887,0
5888,1
5889,1
5890,0
5891,1
5892,1
5893,1
5894,0
5895,0
5896,1
5897,0
5898,0
5899,0
5900,0
5901,0
5902,0
5903,1
5904,0
5905,1
5906,1
5907,0
5908,0
5909,0
5910,0
5911,1
5912,0
5913,1
5914,1
5915,0
5916,0
5917,0
5918,1
5919,1
5920,0
5921,0
5922,1
5923,1
5924,1
5925,0
5926,0
5927,0
5928,1
5929,1
5930,0
5931,0
5932,0
5933,1
5934,0
5935,1
5936,1
5937,1
5938,1
5939,0
5940,1
5941,1
5942,1
5943,0
5944,0
5945,0
5946,0
5947,1
5948,0
5949,0
5950,0
5951,1
5952,0
5953,0
5954,0
5955,1
5956,1
5957,1
5958,0
5959,0
5960,1
5961,1
5962,1
5963,0
5964,0
5965,1
5966,1
5967,0
5968,0
5969,0
5970,1
5971,1
5972,0
5973,1
5974,1
5975,0
5976,1
5977,1
5978,1
5979,1
5980,1
5981,0
5982,1
5983,0
5984,1
5985,0
5986,0
5987,1
5988,0
5989,1
5990,0
5991,0
5992,0
5993,1
5994,1
5995,1
5996,1
5997,0
5998,1
5999,0
6000,0
6001,0
6002,1
6003,1
6004,1
6005,0
6006,0
6007,1
6008,1
6009,0
6010,1
6011,0
6012,1
6013,0
6014,1
6015,0
6016,0
6017,1
6018,1
6019,1
6020,1
6021,0
6022,1
6023,1
6024,0
6025,0
6026,1
6027,1
6028,1
6029,0
6030,1
6031,1
6032,1
6033,0
6034,1
6035,1
6036,0
6037,1
6038,0
6039,0
6040,1
6041,1
6042,0
6043,1
6044,0
6045,1
6046,1
6047,0
6048,1
6049,0
6050,0
6051,1
6052,0
6053,0
6054,1
6055,0
6056,1
6057,1
6058,1
6059,0
6060,0
6061,0
6062,1
6063,1
6064,0
6065,0
6066,0
6067,0
6068,1
6069,1
6070,1
6071,0
6072,1
6073,0
6074,0
6075,0
6076,0
6077,0
6078,0
6079,0
6080,0
6081,1
6082,1
6083,1
6084,0
6085,0
6086,0
6087,0
6088,0
6089,0
6090,0
6091,1
6092,0
6093,0
6094,1
6095,1
6096,0
6097,1
6098,0
6099,0
6100,1
6101,0
6102,1
6103,0
6104,0
6105,0
6106,1
6107,0
6108,1
6109,0
6110,1
6111,0
6112,1
6113,1
6114,0
6115,0
6116,0
6117,1
6118,1
6119,1
6120,0
6121,1
6122,0
6123,0
6124,0
6125,0
6126,1
6127,0
6128,1
6129,1
6130,0
6131,1
6132,0
6133,1
6134,1
6135,1
6136,0
6137,1
6138,0
6139,1
6140,1
6141,0
6142,1
6143,1
6144,1
6145,0
6146,0
6147,0
6148,1
6149,0
6150,0
6151,0
6152,0
6153,0
6154,1
6155,0
6156,1
6157,1
6158,0
6159,1
6160,1
6161,1
6162,0
6163,1
6164,0
6165,1
6166,1
6167,0
6168,1
6169,1
6170,0
6171,1
6172,1
6173,1
6174,1
6175,0
6176,0
6177,1
6178,0
6179,0
6180,0
6181,0
6182,0
6183,0
6184,0
6185,0
6186,0
6187,1
6188,1
6189,1
6190,1
6191,0
6192,1
6193,1
6194,1
6195,0
6196,1
6197,0
6198,0
6199,0
6200,1
6201,1
6202,1
6203,1
6204,1
6205,1
6206,1
6207,0
6208,1
6209,1
6210,1
6211,0
6212,0
6213,0
6214,1
6215,1
6216,0
6217,0
6218,1
6219,1
6220,0
6221,1
6222,1
6223,1
6224,0
6225,0
6226,0
6227,0
6228,0
6229,1
6230,1
6231,0
6232,1
6233,0
6234,1
6235,0
6236,0
6237,0
6238,0
6239,1
6240,1
6241,1
6242,0
6243,1
6244,1
6245,1
6246,1
6247,1
6248,0
6249,0
6250,1
6251,1
6252,1
6253,1
6254,1
6255,0
6256,0
6257,0
6258,1
6259,1
6260,0
6261,1
6262,1
6263,1
6264,1
6265,1
6266,1
6267,1
6268,1
6269,1
6270,0
6271,1
6272,0
6273,0
6274,0
6275,0
6276,1
6277,0
6278,1
6279,0
6280,1
6281,0
6282,0
6283,1
6284,0
6285,1
6286,1
6287,1
6288,1
6289,0
6290,0
6291,1
6292,0
6293,1
6294,0
6295,0
6296,0
6297,0
6298,0
6299,0
6300,1
6301,0
6302,1
6303,1
6304,0
6305,1
6306,0
6307,1
6308,0
6309,1
6310,0
6311,0
6312,0
6313,1
6314,0
6315,1
6316,1
6317,1
6318,1
6319,1
6320,0
6321,0
6322,0
6323,0
6324,1
6325,1
6326,0
6327,0
6328,1
6329,1
6330,1
6331,0
6332,0
6333,1
6334,0
6335,0
6336,1
6337,0
6338,0
6339,1
6340,0
6341,0
6342,0
6343,1
6344,0
6345,0
6346,0
6347,1
6348,1
6349,0
6350,1
6351,1
6352,0
6353,0
6354,0
6355,0
6356,1
6357,0
6358,1
6359,0
6360,1
6361,0
6362,0
6363,1
6364,0
6365,0
6366,0
6367,0
6368,1
6369,1
6370,0
6371,1
6372,0
6373,1
6374,0
6375,0
6376,0
6377,1
6378,1
6379,0
6380,1
6381,1
6382,1
6383,1
6384,1
6385,1
6386,0
6387,0
6388,1
6389,1
6390,0
6391,0
6392,1
6393,0
6394,1
6395,0
6396,0
6397,1
6398,1
6399,1
6400,0
6401,1
6402,1
6403,1
6404,0
6405,1
6406,0
6407,0
6408,1
6409,0
6410,1
6411,0
6412,0
6413,0
6414,1
6415,1
6416,1
6417,1
6418,0
6419,1
6420,0
6421,0
6422,1
6423,1
6424,0
6425,0
6426,0
6427,0
6428,0
6429,0
6430,1
6431,1
6432,0
6433,1
6434,0
6435,1
6436,1
6437,1
6438,1
6439,1
6440,1
6441,1
6442,1
6443,1
6444,1
6445,0
6446,1
6447,0
6448,0
6449,0
6450,0
6451,1
6452,1
6453,1
6454,0
6455,1
6456,0
6457,0
6458,0
6459,0
6460,0
6461,1
6462,0
6463,1
6464,0
6465,1
6466,1
6467,1
6468,1
6469,1
6470,1
6471,0
6472,0
6473,0
6474,1
6475,1
6476,1
6477,1
6478,0
6479,1
6480,0
6481,1
6482,1
6483,0
6484,1
6485,0
6486,0
6487,0
6488,1
6489,1
6490,0
6491,1
6492,1
6493,1
6494,0
6495,0
6496,0
6497,1
6498,1
6499,1
6500,0
6501,1
6502,0
6503,0
6504,0
6505,0
6506,1
6507,1
6508,0
6509,1
6510,1
6511,1
6512,0
6513,1
6514,0
6515,1
6516,0
6517,1
6518,0
6519,1
6520,1
6521,1
6522,0
6523,0
6524,1
6525,1
6526,0
6527,1
6528,0
6529,0
6530,1
6531,0
6532,0
6533,1
6534,0
6535,0
6536,0
6537,0
6538,1
6539,1
6540,0
6541,1
6542,0
6543,0
6544,0
6545,0
6546,0
6547,0
6548,0
6549,0
6550,0
6551,1
6552,1
6553,0
6554,0
6555,0
6556,1
6557,1
6558,1
6559,0
6560,0
6561,0
6562,1
6563,1
6564,1
6565,1
6566,1
6567,0
6568,0
6569,0
6570,1
6571,0
6572,1
6573,1
6574,0
6575,0
6576,0
6577,0
6578,0
6579,0
6580,1
6581,1
6582,1
6583,0
6584,1
6585,1
6586,1
6587,0
6588,1
6589,1
6590,0
6591,1
6592,0
6593,0
6594,0
6595,1
6596,0
6597,0
6598,1
6599,1
6600,0
6601,0
6602,0
6603,1
6604,0
6605,1
6606,1
6607,0
6608,1
6609,1
6610,1
6611,0
6612,0
6613,0
6614,0
6615,0
6616,0
6617,1
6618,1
6619,1
6620,0
6621,0
6622,1
6623,1
6624,1
6625,1
6626,1
6627,1
6628,0
6629,0
6630,0
6631,1
6632,0
6633,1
6634,0
6635,1
6636,0
6637,1
6638,1
6639,0
6640,0
6641,1
6642,0
6643,0
6644,0
6645,1
6646,0
6647,0
6648,1
6649,0
6650,0
6651,1
6652,1
6653,0
6654,1
6655,1
6656,1
6657,0
6658,0
6659,1
6660,1
6661,0
6662,0
6663,1
6664,0
6665,0
6666,0
6667,0
6668,1
6669,1
6670,1
6671,1
6672,0
6673,1
6674,1
6675,0
6676,0
6677,0
6678,0
6679,1
6680,0
6681,0
6682,1
6683,1
6684,1
6685,1
6686,0
6687,1
6688,1
6689,1
6690,1
6691,1
6692,0
6693,1
6694,0
6695,0
6696,0
6697,1
6698,0
6699,1
6700,0
6701,0
6702,1
6703,0
6704,1
6705,0
6706,0
6707,1
6708,0
6709,0
6710,1
6711,1
6712,0
6713,1
6714,1
6715,0
6716,0
6717,0
6718,1
6719,0
6720,1
6721,0
6722,0
6723,1
6724,1
6725,0
6726,0
6727,0
6728,1
6729,1
6730,1
6731,0
6732,0
6733,1
6734,1
6735,0
6736,0
6737,1
6738,1
6739,1
6740,1
6741,0
6742,0
6743,0
6744,1
6745,0
6746,1
6747,1
6748,0
6749,0
6750,1
6751,1
6752,0
6753,0
6754,1
6755,1
6756,0
6757,0
6758,1
6759,0
6760,0
6761,0
6762,1
6763,0
6764,0
6765,1
6766,1
6767,1
6768,0
6769,1
6770,0
6771,0
6772,0
6773,1
6774,0
6775,1
6776,0
6777,1
6778,1
6779,1
6780,0
6781,1
6782,1
6783,0
6784,0
6785,0
6786,1
6787,1
6788,1
6789,1
6790,0
6791,1
6792,0
6793,1
6794,1
6795,1
6796,1
6797,0
6798,0
6799,1
6800,1
6801,0
6802,1
6803,0
6804,0
6805,0
6806,1
6807,0
6808,1
6809,0
6810,0
6811,0
6812,1
6813,0
6814,0
6815,0
6816,0
6817,0
6818,1
6819,0
6820,0
6821,1
6822,0
6823,1
6824,0
6825,1
6826,1
6827,1
6828,1
6829,1
6830,1
6831,1
6832,0
6833,0
6834,0
6835,0
6836,0
6837,0
6838,0
6839,0
6840,1
6841,0
6842,1
6843,1
6844,1
6845,1
6846,1
6847,0
6848,0
6849,0
6850,0
6851,0
6852,1
6853,1
6854,0
6855,0
6856,1
6857,0
6858,1
6859,1
6860,0
6861,1
6862,1
6863,0
6864,0
6865,1
6866,0
6867,1
6868,1
6869,1
6870,0
6871,1
6872,1
6873,0
6874,0
6875,0
6876,0
6877,1
6878,0
6879,0
6880,0
6881,0
6882,1
6883,1
6884,0
6885,0
6886,1
6887,1
6888,0
6889,1
6890,0
6891,0
6892,1
6893,1
6894,1
6895,0
6896,0
6897,1
6898,0
6899,1
6900,1
6901,1
6902,0
6903,1
6904,1
6905,1
6906,1
6907,0
6908,0
6909,0
6910,1
6911,1
6912,0
6913,0
6914,1
6915,0
6916,1
6917,0
6918,1
6919,1
6920,0
6921,0
6922,0
6923,0
6924,0
6925,0
6926,1
6927,1
6928,1
6929,0
6930,1
6931,0
6932,0
6933,0
6934,1
6935,0
6936,1
6937,0
6938,0
6939,0
6940,0
6941,0
6942,1
6943,0
6944,1
6945,0
6946,1
6947,1
6948,1
6949,1
6950,1
6951,0
6952,1
6953,1
6954,0
6955,1
6956,1
6957,1
6958,0
6959,1
6960,0
6961,0
6962,1
6963,1
6964,1
6965,0
6966,1
6967,0
6968,0
6969,0
6970,0
6971,0
6972,1
6973,0
6974,0
6975,0
6976,0
6977,1
6978,1
6979,0
6980,1
6981,0
6982,1
6983,0
6984,1
6985,0
6986,1
6987,1
6988,1
6989,0
6990,0
6991,0
6992,0
6993,0
6994,1
6995,0
6996,0
6997,1
6998,0
6999,0
7000,0
7001,0
7002,1
7003,0
7004,1
7005,0
7006,1
7007,1
7008,1
7009,0
7010,0
7011,1
7012,0
7013,0
7014,1
7015,0
7016,1
7017,1
7018,0
7019,1
7020,0
7021,1
7022,0
7023,0
7024,0
7025,1
7026,1
7027,1
7028,1
7029,0
7030,1
7031,0
7032,1
7033,0
7034,0
7035,0
7036,0
7037,0
7038,1
7039,1
7040,1
7041,0
7042,0
7043,1
7044,1
7045,0
7046,0
7047,1
7048,0
7049,0
7050,1
7051,0
7052,1
7053,0
7054,1
7055,0
7056,0
7057,0
7058,0
7059,1
7060,0
7061,0
7062,1
7063,0
7064,1
7065,0
7066,0
7067,0
7068,1
7069,0
7070,1
7071,0
7072,1
7073,0
7074,1
7075,0
7076,1
7077,1
7078,0
7079,0
7080,1
7081,0
7082,0
7083,1
7084,1
7085,0
7086,1
7087,0
7088,0
7089,0
7090,1
7091,0
7092,1
7093,0
7094,0
7095,1
7096,0
7097,1
7098,1
7099,1
7100,0
7101,1
7102,1
7103,1
7104,1
7105,0
7106,1
7107,1
7108,0
7109,0
7110,1
7111,1
7112,0
7113,1
7114,0
7115,0
7116,0
7117,0
7118,1
7119,1
7120,1
7121,1
7122,1
7123,0
7124,1
7125,1
7126,0
7127,1
7128,0
7129,1
7130,1
7131,0
7132,0
7133,0
7134,0
7135,1
7136,0
7137,1
7138,1
7139,0
7140,1
7141,1
7142,1
7143,0
7144,1
7145,1
7146,1
7147,1
7148,0
7149,0
7150,1
7151,1
7152,1
7153,0
7154,1
7155,1
7156,1
7157,0
7158,0
7159,0
7160,0
7161,1
7162,1
7163,0
7164,0
7165,0
7166,1
7167,1
7168,1
7169,1
7170,1
7171,0
7172,1
7173,1
7174,0
7175,0
7176,0
7177,1
7178,1
7179,1
7180,0
7181,1
7182,1
7183,0
7184,1
7185,1
7186,1
7187,0
7188,0
7189,0
7190,1
7191,0
7192,1
7193,0
7194,0
7195,1
7196,0
7197,1
7198,1
7199,1
7200,0
7201,0
7202,0
7203,1
7204,1
7205,1
7206,1
7207,0
7208,1
7209,1
7210,1
7211,0
7212,0
7213,1
7214,0
7215,1
7216,0
7217,1
7218,0
7219,0
7220,1
7221,0
7222,0
7223,0
7224,0
7225,0
7226,0
7227,0
7228,1
7229,1
7230,0
7231,1
7232,1
7233,1
7234,0
7235,1
7236,0
7237,1
7238,0
7239,1
7240,1
7241,0
7242,1
7243,0
7244,1
7245,0
7246,0
7247,0
7248,0
7249,1
7250,1
7251,0
7252,0
7253,0
7254,0
7255,0
7256,1
7257,1
7258,0
7259,0
7260,0
7261,1
7262,0
7263,0
7264,0
7265,1
7266,1
7267,1
7268,0
7269,0
7270,1
7271,0
7272,0
7273,1
7274,1
7275,0
7276,0
7277,0
7278,1
7279,1
7280,1
7281,0
7282,1
7283,0
7284,1
7285,0
7286,0
7287,1
7288,0
7289,0
7290,0
7291,0
7292,1
7293,1
7294,0
7295,0
7296,1
7297,1
7298,0
7299,0
7300,1
7301,1
7302,0
7303,1
7304,1
7305,1
7306,1
7307,1
7308,1
7309,1
7310,1
7311,1
7312,0
7313,0
7314,0
7315,1
7316,1
7317,0
7318,0
7319,1
7320,1
7321,0
7322,1
7323,0
7324,0
7325,1
7326,1
7327,1
7328,1
7329,1
7330,1
7331,1
7332,1
7333,1
7334,0
7335,0
7336,1
7337,1
7338,1
7339,0
7340,1
7341,1
7342,1
7343,0
7344,0
7345,1
7346,0
7347,1
7348,0
7349,1
7350,1
7351,0
7352,0
7353,1
7354,0
7355,1
7356,1
7357,1
7358,0
7359,0
7360,0
7361,1
7362,1
7363,0
7364,1
7365,1
7366,1
7367,0
7368,1
7369,0
7370,0
7371,0
7372,1
7373,1
7374,1
7375,0
7376,0
7377,0
7378,1
7379,1
7380,0
7381,1
7382,0
7383,0
7384,0
7385,1
7386,0
7387,1
7388,0
7389,1
7390,1
7391,1
7392,0
7393,1
7394,0
7395,1
7396,0
7397,1
7398,1
7399,1
7400,0
7401,1
7402,0
7403,0
7404,1
7405,1
7406,1
7407,1
7408,0
7409,1
7410,0
7411,1
7412,1
7413,1
7414,0
7415,1
7416,1
7417,1
7418,0
7419,0
7420,0
7421,1
7422,1
7423,1
7424,0
7425,0
7426,0
7427,0
7428,0
7429,0
7430,1
7431,0
7432,0
7433,1
7434,1
7435,0
7436,1
7437,0
7438,0
7439,0
7440,1
7441,0
7442,1
7443,0
7444,0
7445,1
7446,0
7447,1
7448,1
7449,0
7450,0
7451,0
7452,0
7453,1
7454,0
7455,0
7456,0
7457,0
7458,0
7459,0
7460,0
7461,0
7462,1
7463,0
7464,0
7465,1
7466,0
7467,0
7468,1
7469,1
7470,0
7471,0
7472,1
7473,0
7474,0
7475,0
7476,1
7477,1
7478,1
7479,1
7480,1
7481,1
7482,1
7483,1
7484,1
7485,0
7486,0
7487,1
7488,1
7489,0
7490,1
7491,1
7492,1
7493,1
7494,0
7495,0
7496,0
7497,1
7498,0
7499,1
7500,0
7501,0
7502,1
7503,1
7504,1
7505,1
7506,1
7507,1
7508,0
7509,0
7510,0
7511,1
7512,1
7513,0
7514,1
7515,1
7516,1
7517,0
7518,1
7519,1
7520,1
7521,0
7522,1
7523,0
7524,0
7525,0
7526,1
7527,1
7528,1
7529,0
7530,1
7531,0
7532,1
7533,0
7534,1
7535,1
7536,0
7537,1
7538,0
7539,1
7540,0
7541,1
7542,1
7543,0
7544,1
7545,0
7546,0
7547,0
7548,1
7549,0
7550,1
7551,0
7552,0
7553,1
7554,0
7555,0
7556,0
7557,1
7558,0
7559,1
7560,1
7561,1
7562,1
7563,1
7564,1
7565,1
7566,1
7567,1
7568,0
7569,1
7570,0
7571,1
7572,0
7573,1
7574,1
7575,0
7576,0
7577,1
7578,1
7579,1
7580,1
7581,0
7582,1
7583,0
7584,0
7585,1
7586,1
7587,1
7588,1
7589,0
7590,0
7591,0
7592,0
7593,0
7594,0
7595,0
7596,0
7597,1
7598,0
7599,0
7600,1
7601,0
7602,1
7603,0
7604,0
7605,0
7606,1
7607,0
7608,0
7609,0
7610,0
7611,1
7612,0
7613,1
7614,0
7615,0
7616,0
7617,1
7618,0
7619,1
7620,0
7621,1
7622,0
7623,1
7624,1
7625,1
7626,1
7627,1
7628,1
7629,1
7630,0
7631,1
7632,0
7633,0
7634,0
7635,1
7636,0
7637,1
7638,0
7639,0
7640,1
7641,0
7642,1
7643,1
7644,0
7645,0
7646,0
7647,1
7648,0
7649,1
7650,0
7651,0
7652,1
7653,1
7654,0
7655,1
7656,1
7657,1
7658,1
7659,0
7660,0
7661,1
7662,0
7663,1
7664,1
7665,0
7666,1
7667,0
7668,1
7669,1
7670,1
7671,1
7672,1
7673,0
7674,0
7675,0
7676,1
7677,0
7678,1
7679,1
7680,1
7681,1
7682,0
7683,1
7684,0
7685,1
7686,0
7687,0
7688,1
7689,1
7690,1
7691,0
7692,0
7693,1
7694,1
7695,0
7696,1
7697,0
7698,0
7699,0
7700,1
7701,0
7702,0
7703,0
7704,1
7705,1
7706,1
7707,1
7708,0
7709,1
7710,0
7711,1
7712,0
7713,0
7714,1
7715,1
7716,0
7717,0
7718,1
7719,0
7720,1
7721,0
7722,1
7723,1
7724,1
7725,1
7726,0
7727,1
7728,0
7729,0
7730,0
7731,1
7732,1
7733,1
7734,0
7735,1
7736,1
7737,0
7738,0
7739,0
7740,1
7741,0
7742,1
7743,1
7744,1
7745,0
7746,0
7747,0
7748,0
7749,0
7750,0
7751,1
7752,0
7753,0
7754,1
7755,0
7756,0
7757,1
7758,0
7759,1
7760,1
7761,0
7762,1
7763,0
7764,1
7765,0
7766,0
7767,0
7768,0
7769,0
7770,1
7771,0
7772,1
7773,0
7774,0
7775,1
7776,0
7777,1
7778,0
7779,0
7780,1
7781,1
7782,1
7783,1
7784,1
7785,0
7786,0
7787,0
7788,1
7789,1
7790,1
7791,0
7792,1
7793,0
7794,1
7795,1
7796,0
7797,1
7798,0
7799,0
7800,1
7801,0
7802,0
7803,1
7804,1
7805,0
7806,1
7807,0
7808,0
7809,0
7810,1
7811,0
7812,1
7813,1
7814,1
7815,1
7816,1
7817,0
7818,1
7819,1
7820,1
7821,1
7822,1
7823,0
7824,1
7825,1
7826,1
7827,1
7828,1
7829,1
7830,1
7831,0
7832,1
7833,0
7834,1
7835,0
7836,0
7837,0
7838,0
7839,1
7840,0
7841,0
7842,1
7843,0
7844,1
7845,1
7846,1
7847,0
7848,1
7849,0
7850,0
7851,1
7852,1
7853,1
7854,0
7855,1
7856,0
7857,1
7858,1
7859,0
7860,1
7861,1
7862,0
7863,0
7864,1
7865,0
7866,1
7867,0
7868,1
7869,0
7870,1
7871,0
7872,0
7873,0
7874,1
7875,1
7876,1
7877,0
7878,0
7879,1
7880,0
7881,0
7882,0
7883,0
7884,1
7885,1
7886,1
7887,0
7888,1
7889,0
7890,1
7891,1
7892,0
7893,0
7894,1
7895,0
7896,1
7897,1
7898,0
7899,0
7900,1
7901,1
7902,1
7903,1
7904,1
7905,1
7906,1
7907,1
7908,0
7909,0
7910,1
7911,0
7912,1
7913,0
7914,1
7915,1
7916,1
7917,1
7918,0
7919,1
7920,0
7921,0
7922,1
7923,0
7924,1
7925,1
7926,0
7927,0
7928,0
7929,0
7930,0
7931,0
7932,1
7933,1
7934,1
7935,1
7936,0
7937,1
7938,0
7939,0
7940,1
7941,0
7942,0
7943,0
7944,0
7945,0
7946,1
7947,0
7948,0
7949,0
7950,1
7951,1
7952,0
7953,1
7954,1
7955,1
7956,0
7957,0
7958,1
7959,0
7960,0
7961,0
7962,0
7963,0
7964,0
7965,0
7966,1
7967,0
7968,0
7969,1
7970,0
7971,1
7972,0
7973,0
7974,1
7975,1
7976,0
7977,1
7978,1
7979,0
7980,1
7981,0
7982,1
7983,1
7984,0
7985,1
7986,0
7987,0
7988,0
7989,0
7990,0
7991,1
7992,0
7993,1
7994,1
7995,0
7996,1
7997,0
7998,0
7999,0
8000,0
8001,0
8002,0
8003,0
8004,1
8005,1
8006,0
8007,0
8008,0
8009,1
8010,0
8011,0
8012,0
8013,1
8014,0
8015,1
8016,0
8017,0
8018,0
8019,1
8020,1
8021,0
8022,0
8023,0
8024,1
8025,0
8026,0
8027,1
8028,1
8029,1
8030,1
8031,1
8032,0
8033,0
8034,0
8035,1
8036,1
8037,0
8038,0
8039,0
8040,1
8041,0
8042,1
8043,0
8044,1
8045,0
8046,1
8047,0
8048,0
8049,1
8050,0
8051,1
8052,1
8053,0
8054,1
8055,0
8056,1
8057,1
8058,1
8059,0
8060,1
8061,0
8062,1
8063,1
8064,1
8065,1
8066,0
8067,0
8068,0
8069,0
8070,0
8071,0
8072,0
8073,0
8074,0
8075,0
8076,0
8077,0
8078,1
8079,0
8080,1
8081,1
8082,1
8083,1
8084,1
8085,0
8086,0
8087,1
8088,0
8089,0
8090,1
8091,1
8092,1
8093,0
8094,1
8095,1
8096,1
8097,1
8098,0
8099,1
8100,1
8101,0
8102,1
8103,0
8104,0
8105,1
8106,1
8107,0
8108,1
8109,0
8110,1
8111,0
8112,0
8113,0
8114,1
8115,1
8116,0
8117,0
8118,0
8119,0
8120,0
8121,1
8122,0
8123,1
8124,0
8125,1
8126,0
8127,0
8128,1
8129,0
8130,1
8131,0
8132,0
8133,1
8134,0
8135,0
8136,0
8137,0
8138,0
8139,0
8140,1
8141,0
8142,0
8143,0
8144,1
8145,0
8146,0
8147,0
8148,0
8149,0
8150,0
8151,0
8152,1
8153,0
8154,0
8155,1
8156,0
8157,1
8158,1
8159,0
8160,0
8161,0
8162,0
8163,1
8164,0
8165,0
8166,0
8167,1
8168,1
8169,1
8170,0
8171,0
8172,1
8173,0
8174,1
8175,0
8176,0
8177,1
8178,0
8179,1
8180,1
8181,1
8182,1
8183,0
8184,0
8185,0
8186,0
8187,1
8188,1
8189,1
8190,1
8191,0
8192,0
8193,0
8194,1
8195,1
8196,1
8197,0
8198,0
8199,1
8200,0
8201,0
8202,1
8203,0
8204,1
8205,0
8206,1
8207,1
8208,1
8209,0
8210,1
8211,0
8212,1
8213,0
8214,1
8215,1
8216,1
8217,0
8218,0
8219,1
8220,0
8221,1
8222,1
8223,1
8224,0
8225,1
8226,1
8227,1
8228,0
8229,1
8230,1
8231,1
8232,0
8233,0
8234,0
8235,1
8236,0
8237,0
8238,0
8239,1
8240,0
8241,0
8242,0
8243,1
8244,1
8245,1
8246,0
8247,1
8248,0
8249,1
8250,0
8251,1
8252,1
8253,0
8254,0
8255,0
8256,0
8257,1
8258,0
8259,1
8260,1
8261,0
8262,0
8263,1
8264,0
8265,0
8266,1
8267,0
8268,1
8269,1
8270,0
8271,1
8272,1
8273,1
8274,1
8275,1
8276,0
8277,1
8278,0
8279,1
8280,0
8281,1
8282,1
8283,1
8284,1
8285,0
8286,1
8287,0
8288,0
8289,0
8290,1
8291,0
8292,0
8293,0
8294,1
8295,0
8296,0
8297,0
8298,0
8299,0
8300,1
8301,1
8302,1
8303,0
8304,1
8305,0
8306,0
8307,1
8308,1
8309,0
8310,1
8311,0
8312,1
8313,1
8314,0
8315,0
8316,0
8317,1
8318,1
8319,1
8320,1
8321,0
8322,1
8323,1
8324,0
8325,1
8326,0
8327,0
8328,0
8329,0
8330,0
8331,0
8332,1
8333,0
8334,1
8335,1
8336,0
8337,1
8338,1
8339,1
8340,1
8341,1
8342,1
8343,1
8344,0
8345,1
8346,1
8347,1
8348,1
8349,0
8350,0
8351,1
8352,1
8353,0
8354,0
8355,1
8356,1
8357,1
8358,0
8359,0
8360,1
8361,0
8362,1
8363,0
8364,1
8365,0
8366,0
8367,1
8368,0
8369,0
8370,0
8371,0
8372,1
8373,0
8374,0
8375,1
8376,0
8377,0
8378,1
8379,0
8380,1
8381,1
8382,1
8383,0
8384,1
8385,0
8386,0
8387,1
8388,1
8389,1
8390,0
8391,0
8392,1
8393,1
8394,1
8395,1
8396,1
8397,0
8398,1
8399,1
8400,1
8401,0
8402,1
8403,1
8404,0
8405,1
8406,1
8407,0
8408,0
8409,1
8410,1
8411,1
8412,1
8413,1
8414,0
8415,0
8416,1
8417,1
8418,0
8419,0
8420,1
8421,0
8422,0
8423,1
8424,1
8425,1
8426,0
8427,0
8428,0
8429,1
8430,0
8431,1
8432,1
8433,0
8434,1
8435,0
8436,0
8437,1
8438,1
8439,0
8440,1
8441,0
8442,0
8443,0
8444,1
8445,0
8446,0
8447,0
8448,0
8449,1
8450,1
8451,0
8452,0
8453,1
8454,0
8455,0
8456,1
8457,1
8458,1
8459,1
8460,1
8461,0
8462,0
8463,1
8464,1
8465,0
8466,0
8467,1
8468,1
8469,0
8470,1
8471,1
8472,1
8473,1
8474,0
8475,1
8476,1
8477,1
8478,0
8479,1
8480,0
8481,0
8482,1
8483,0
8484,1
8485,0
8486,0
8487,0
8488,1
8489,1
8490,1
8491,0
8492,0
8493,1
8494,1
8495,1
8496,1
8497,0
8498,1
8499,1
8500,0
8501,1
8502,0
8503,0
8504,0
8505,1
8506,1
8507,1
8508,1
8509,1
8510,0
8511,0
8512,1
8513,0
8514,1
8515,0
8516,1
8517,1
8518,0
8519,0
8520,1
8521,0
8522,1
8523,1
8524,0
8525,0
8526,1
8527,1
8528,1
8529,1
8530,0
8531,0
8532,0
8533,0
8534,1
8535,1
8536,1
8537,1
8538,0
8539,0
8540,1
8541,1
8542,0
8543,1
8544,0
8545,0
8546,0
8547,1
8548,1
8549,1
8550,1
8551,0
8552,1
8553,1
8554,0
8555,0
8556,0
8557,1
8558,0
8559,0
8560,0
8561,1
8562,0
8563,0
8564,1
8565,1
8566,1
8567,1
8568,0
8569,1
8570,0
8571,1
8572,0
8573,1
8574,1
8575,1
8576,0
8577,1
8578,1
8579,1
8580,0
8581,1
8582,1
8583,1
8584,0
8585,0
8586,0
8587,0
8588,0
8589,0
8590,0
8591,1
8592,1
8593,1
8594,1
8595,0
8596,1
8597,0
8598,0
8599,0
8600,1
8601,0
8602,0
8603,1
8604,0
8605,1
8606,1
8607,0
8608,0
8609,0
8610,0
8611,1
8612,1
8613,1
8614,1
8615,1
8616,0
8617,0
8618,0
8619,0
8620,0
8621,1
8622,1
8623,0
8624,0
8625,0
8626,1
8627,0
8628,0
8629,1
8630,1
8631,0
8632,1
8633,1
8634,1
8635,0
8636,0
8637,1
8638,0
8639,0
8640,1
8641,0
8642,1
8643,1
8644,1
8645,0
8646,1
8647,1
8648,1
8649,1
8650,0
8651,0
8652,1
8653,0
8654,1
8655,1
8656,1
8657,0
8658,1
8659,1
8660,0
8661,0
8662,1
8663,0
8664,1
8665,1
8666,1
8667,1
8668,0
8669,1
8670,1
8671,0
8672,1
8673,0
8674,1
8675,0
8676,0
8677,1
8678,0
8679,0
8680,1
8681,1
8682,0
8683,1
8684,1
8685,1
8686,0
8687,0
8688,1
8689,0
8690,1
8691,0
8692,1
8693,1
8694,1
8695,0
8696,0
8697,0
8698,0
8699,0
8700,0
8701,1
8702,1
8703,1
8704,0
8705,1
8706,0
8707,1
8708,1
8709,1
8710,0
8711,0
8712,1
8713,0
8714,0
8715,1
8716,0
8717,0
8718,0
8719,1
8720,0
8721,0
8722,1
8723,1
8724,1
8725,0
8726,1
8727,1
8728,0
8729,1
8730,0
8731,0
8732,1
8733,0
8734,1
8735,1
8736,1
8737,1
8738,0
8739,1
8740,0
8741,1
8742,0
8743,1
8744,1
8745,0
8746,1
8747,0
8748,0
8749,0
8750,0
8751,1
8752,1
8753,0
8754,1
8755,0
8756,0
8757,0
8758,1
8759,0
8760,0
8761,0
8762,0
8763,0
8764,0
8765,1
8766,0
8767,0
8768,1
8769,0
8770,1
8771,0
8772,0
8773,0
8774,0
8775,1
8776,1
8777,1
8778,1
8779,0
8780,1
8781,0
8782,1
8783,0
8784,1
8785,1
8786,0
8787,0
8788,0
8789,0
8790,1
8791,0
8792,1
8793,0
8794,1
8795,0
8796,1
8797,0
8798,1
8799,0
8800,0
8801,1
8802,1
8803,1
8804,1
8805,1
8806,0
8807,0
8808,1
8809,1
8810,0
8811,0
8812,0
8813,1
8814,0
8815,1
8816,1
8817,1
8818,1
8819,1
8820,0
8821,0
8822,0
8823,0
8824,0
8825,1
8826,0
8827,1
8828,0
8829,1
8830,0
8831,1
8832,1
8833,1
8834,0
8835,1
8836,0
8837,0
8838,1
8839,0
8840,0
8841,0
8842,0
8843,1
8844,1
8845,0
8846,1
8847,1
8848,0
8849,0
8850,1
8851,1
8852,0
8853,1
8854,1
8855,0
8856,0
8857,0
8858,0
8859,0
8860,1
8861,0
8862,0
8863,0
8864,0
8865,0
8866,1
8867,1
8868,1
8869,1
8870,1
8871,0
8872,1
8873,0
8874,1
8875,1
8876,0
8877,1
8878,0
8879,0
8880,1
8881,0
8882,1
8883,0
8884,1
8885,1
8886,1
8887,1
8888,1
8889,1
8890,1
8891,1
8892,0
8893,0
8894,0
8895,0
8896,0
8897,0
8898,1
8899,1
8900,1
8901,0
8902,1
8903,0
8904,1
8905,1
8906,1
8907,0
8908,0
8909,1
8910,0
8911,1
8912,0
8913,1
8914,1
8915,0
8916,0
8917,0
8918,1
8919,1
8920,0
8921,1
8922,1
8923,0
8924,0
8925,0
8926,1
8927,1
8928,0
8929,1
8930,1
8931,0
8932,0
8933,0
8934,1
8935,1
8936,1
8937,1
8938,0
8939,1
8940,1
8941,1
8942,0
8943,0
8944,1
8945,0
8946,0
8947,1
8948,1
8949,1
8950,0
8951,1
8952,1
8953,0
8954,1
8955,1
8956,1
8957,1
8958,0
8959,0
8960,0
8961,1
8962,0
8963,1
8964,1
8965,0
8966,1
8967,1
8968,0
8969,0
8970,1
8971,1
8972,1
8973,0
8974,0
8975,1
8976,0
8977,1
8978,0
8979,0
8980,0
8981,0
8982,0
8983,0
8984,1
8985,0
8986,0
8987,1
8988,1
8989,0
8990,1
8991,1
8992,1
8993,1
8994,0
8995,0
8996,0
8997,0
8998,0
8999,1
9000,0
